162 81
1 2 82 154 
2 3 83 155 
3 4 84 156 
4 5 85 157 
5 6 86 158 
6 7 87 159 
7 8 88 160 
8 9 89 161 
1 9 90 162 
10 11 82 91 
11 12 83 92 
12 13 84 93 
13 14 85 94 
14 15 86 95 
15 16 87 96 
16 17 88 97 
17 18 89 98 
10 18 90 99 
19 20 91 100 
20 21 92 101 
21 22 93 102 
22 23 94 103 
23 24 95 104 
24 25 96 105 
25 26 97 106 
26 27 98 107 
19 27 99 108 
28 29 100 109 
29 30 101 110 
30 31 102 111 
31 32 103 112 
32 33 104 113 
33 34 105 114 
34 35 106 115 
35 36 107 116 
28 36 108 117 
37 38 109 118 
38 39 110 119 
39 40 111 120 
40 41 112 121 
41 42 113 122 
42 43 114 123 
43 44 115 124 
44 45 116 125 
37 45 117 126 
46 47 118 127 
47 48 119 128 
48 49 120 129 
49 50 121 130 
50 51 122 131 
51 52 123 132 
52 53 124 133 
53 54 125 134 
46 54 126 135 
55 56 127 136 
56 57 128 137 
57 58 129 138 
58 59 130 139 
59 60 131 140 
60 61 132 141 
61 62 133 142 
62 63 134 143 
55 63 135 144 
64 65 136 145 
65 66 137 146 
66 67 138 147 
67 68 139 148 
68 69 140 149 
69 70 141 150 
70 71 142 151 
71 72 143 152 
64 72 144 153 
73 74 145 154 
74 75 146 155 
75 76 147 156 
76 77 148 157 
77 78 149 158 
78 79 150 159 
79 80 151 160 
80 81 152 161 
73 81 153 162 
