450 225
1 16 226 240 
2 17 226 227 
3 18 227 228 
4 19 228 229 
5 20 229 230 
6 21 230 231 
7 22 231 232 
8 23 232 233 
9 24 233 234 
10 25 234 235 
11 26 235 236 
12 27 236 237 
13 28 237 238 
14 29 238 239 
15 30 239 240 
16 31 241 255 
17 32 241 242 
18 33 242 243 
19 34 243 244 
20 35 244 245 
21 36 245 246 
22 37 246 247 
23 38 247 248 
24 39 248 249 
25 40 249 250 
26 41 250 251 
27 42 251 252 
28 43 252 253 
29 44 253 254 
30 45 254 255 
31 46 256 270 
32 47 256 257 
33 48 257 258 
34 49 258 259 
35 50 259 260 
36 51 260 261 
37 52 261 262 
38 53 262 263 
39 54 263 264 
40 55 264 265 
41 56 265 266 
42 57 266 267 
43 58 267 268 
44 59 268 269 
45 60 269 270 
46 61 271 285 
47 62 271 272 
48 63 272 273 
49 64 273 274 
50 65 274 275 
51 66 275 276 
52 67 276 277 
53 68 277 278 
54 69 278 279 
55 70 279 280 
56 71 280 281 
57 72 281 282 
58 73 282 283 
59 74 283 284 
60 75 284 285 
61 76 286 300 
62 77 286 287 
63 78 287 288 
64 79 288 289 
65 80 289 290 
66 81 290 291 
67 82 291 292 
68 83 292 293 
69 84 293 294 
70 85 294 295 
71 86 295 296 
72 87 296 297 
73 88 297 298 
74 89 298 299 
75 90 299 300 
76 91 301 315 
77 92 301 302 
78 93 302 303 
79 94 303 304 
80 95 304 305 
81 96 305 306 
82 97 306 307 
83 98 307 308 
84 99 308 309 
85 100 309 310 
86 101 310 311 
87 102 311 312 
88 103 312 313 
89 104 313 314 
90 105 314 315 
91 106 316 330 
92 107 316 317 
93 108 317 318 
94 109 318 319 
95 110 319 320 
96 111 320 321 
97 112 321 322 
98 113 322 323 
99 114 323 324 
100 115 324 325 
101 116 325 326 
102 117 326 327 
103 118 327 328 
104 119 328 329 
105 120 329 330 
106 121 331 345 
107 122 331 332 
108 123 332 333 
109 124 333 334 
110 125 334 335 
111 126 335 336 
112 127 336 337 
113 128 337 338 
114 129 338 339 
115 130 339 340 
116 131 340 341 
117 132 341 342 
118 133 342 343 
119 134 343 344 
120 135 344 345 
121 136 346 360 
122 137 346 347 
123 138 347 348 
124 139 348 349 
125 140 349 350 
126 141 350 351 
127 142 351 352 
128 143 352 353 
129 144 353 354 
130 145 354 355 
131 146 355 356 
132 147 356 357 
133 148 357 358 
134 149 358 359 
135 150 359 360 
136 151 361 375 
137 152 361 362 
138 153 362 363 
139 154 363 364 
140 155 364 365 
141 156 365 366 
142 157 366 367 
143 158 367 368 
144 159 368 369 
145 160 369 370 
146 161 370 371 
147 162 371 372 
148 163 372 373 
149 164 373 374 
150 165 374 375 
151 166 376 390 
152 167 376 377 
153 168 377 378 
154 169 378 379 
155 170 379 380 
156 171 380 381 
157 172 381 382 
158 173 382 383 
159 174 383 384 
160 175 384 385 
161 176 385 386 
162 177 386 387 
163 178 387 388 
164 179 388 389 
165 180 389 390 
166 181 391 405 
167 182 391 392 
168 183 392 393 
169 184 393 394 
170 185 394 395 
171 186 395 396 
172 187 396 397 
173 188 397 398 
174 189 398 399 
175 190 399 400 
176 191 400 401 
177 192 401 402 
178 193 402 403 
179 194 403 404 
180 195 404 405 
181 196 406 420 
182 197 406 407 
183 198 407 408 
184 199 408 409 
185 200 409 410 
186 201 410 411 
187 202 411 412 
188 203 412 413 
189 204 413 414 
190 205 414 415 
191 206 415 416 
192 207 416 417 
193 208 417 418 
194 209 418 419 
195 210 419 420 
196 211 421 435 
197 212 421 422 
198 213 422 423 
199 214 423 424 
200 215 424 425 
201 216 425 426 
202 217 426 427 
203 218 427 428 
204 219 428 429 
205 220 429 430 
206 221 430 431 
207 222 431 432 
208 223 432 433 
209 224 433 434 
210 225 434 435 
1 211 436 450 
2 212 436 437 
3 213 437 438 
4 214 438 439 
5 215 439 440 
6 216 440 441 
7 217 441 442 
8 218 442 443 
9 219 443 444 
10 220 444 445 
11 221 445 446 
12 222 446 447 
13 223 447 448 
14 224 448 449 
15 225 449 450 
