242 121
1 2 122 232 
2 3 123 233 
3 4 124 234 
4 5 125 235 
5 6 126 236 
6 7 127 237 
7 8 128 238 
8 9 129 239 
9 10 130 240 
10 11 131 241 
1 11 132 242 
12 13 122 133 
13 14 123 134 
14 15 124 135 
15 16 125 136 
16 17 126 137 
17 18 127 138 
18 19 128 139 
19 20 129 140 
20 21 130 141 
21 22 131 142 
12 22 132 143 
23 24 133 144 
24 25 134 145 
25 26 135 146 
26 27 136 147 
27 28 137 148 
28 29 138 149 
29 30 139 150 
30 31 140 151 
31 32 141 152 
32 33 142 153 
23 33 143 154 
34 35 144 155 
35 36 145 156 
36 37 146 157 
37 38 147 158 
38 39 148 159 
39 40 149 160 
40 41 150 161 
41 42 151 162 
42 43 152 163 
43 44 153 164 
34 44 154 165 
45 46 155 166 
46 47 156 167 
47 48 157 168 
48 49 158 169 
49 50 159 170 
50 51 160 171 
51 52 161 172 
52 53 162 173 
53 54 163 174 
54 55 164 175 
45 55 165 176 
56 57 166 177 
57 58 167 178 
58 59 168 179 
59 60 169 180 
60 61 170 181 
61 62 171 182 
62 63 172 183 
63 64 173 184 
64 65 174 185 
65 66 175 186 
56 66 176 187 
67 68 177 188 
68 69 178 189 
69 70 179 190 
70 71 180 191 
71 72 181 192 
72 73 182 193 
73 74 183 194 
74 75 184 195 
75 76 185 196 
76 77 186 197 
67 77 187 198 
78 79 188 199 
79 80 189 200 
80 81 190 201 
81 82 191 202 
82 83 192 203 
83 84 193 204 
84 85 194 205 
85 86 195 206 
86 87 196 207 
87 88 197 208 
78 88 198 209 
89 90 199 210 
90 91 200 211 
91 92 201 212 
92 93 202 213 
93 94 203 214 
94 95 204 215 
95 96 205 216 
96 97 206 217 
97 98 207 218 
98 99 208 219 
89 99 209 220 
100 101 210 221 
101 102 211 222 
102 103 212 223 
103 104 213 224 
104 105 214 225 
105 106 215 226 
106 107 216 227 
107 108 217 228 
108 109 218 229 
109 110 219 230 
100 110 220 231 
111 112 221 232 
112 113 222 233 
113 114 223 234 
114 115 224 235 
115 116 225 236 
116 117 226 237 
117 118 227 238 
118 119 228 239 
119 120 229 240 
120 121 230 241 
111 121 231 242 
