128 64
1 9 65 72 
2 10 65 66 
3 11 66 67 
4 12 67 68 
5 13 68 69 
6 14 69 70 
7 15 70 71 
8 16 71 72 
9 17 73 80 
10 18 73 74 
11 19 74 75 
12 20 75 76 
13 21 76 77 
14 22 77 78 
15 23 78 79 
16 24 79 80 
17 25 81 88 
18 26 81 82 
19 27 82 83 
20 28 83 84 
21 29 84 85 
22 30 85 86 
23 31 86 87 
24 32 87 88 
25 33 89 96 
26 34 89 90 
27 35 90 91 
28 36 91 92 
29 37 92 93 
30 38 93 94 
31 39 94 95 
32 40 95 96 
33 41 97 104 
34 42 97 98 
35 43 98 99 
36 44 99 100 
37 45 100 101 
38 46 101 102 
39 47 102 103 
40 48 103 104 
41 49 105 112 
42 50 105 106 
43 51 106 107 
44 52 107 108 
45 53 108 109 
46 54 109 110 
47 55 110 111 
48 56 111 112 
49 57 113 120 
50 58 113 114 
51 59 114 115 
52 60 115 116 
53 61 116 117 
54 62 117 118 
55 63 118 119 
56 64 119 120 
1 57 121 128 
2 58 121 122 
3 59 122 123 
4 60 123 124 
5 61 124 125 
6 62 125 126 
7 63 126 127 
8 64 127 128 
