338 169
1 14 170 182 
2 15 170 171 
3 16 171 172 
4 17 172 173 
5 18 173 174 
6 19 174 175 
7 20 175 176 
8 21 176 177 
9 22 177 178 
10 23 178 179 
11 24 179 180 
12 25 180 181 
13 26 181 182 
14 27 183 195 
15 28 183 184 
16 29 184 185 
17 30 185 186 
18 31 186 187 
19 32 187 188 
20 33 188 189 
21 34 189 190 
22 35 190 191 
23 36 191 192 
24 37 192 193 
25 38 193 194 
26 39 194 195 
27 40 196 208 
28 41 196 197 
29 42 197 198 
30 43 198 199 
31 44 199 200 
32 45 200 201 
33 46 201 202 
34 47 202 203 
35 48 203 204 
36 49 204 205 
37 50 205 206 
38 51 206 207 
39 52 207 208 
40 53 209 221 
41 54 209 210 
42 55 210 211 
43 56 211 212 
44 57 212 213 
45 58 213 214 
46 59 214 215 
47 60 215 216 
48 61 216 217 
49 62 217 218 
50 63 218 219 
51 64 219 220 
52 65 220 221 
53 66 222 234 
54 67 222 223 
55 68 223 224 
56 69 224 225 
57 70 225 226 
58 71 226 227 
59 72 227 228 
60 73 228 229 
61 74 229 230 
62 75 230 231 
63 76 231 232 
64 77 232 233 
65 78 233 234 
66 79 235 247 
67 80 235 236 
68 81 236 237 
69 82 237 238 
70 83 238 239 
71 84 239 240 
72 85 240 241 
73 86 241 242 
74 87 242 243 
75 88 243 244 
76 89 244 245 
77 90 245 246 
78 91 246 247 
79 92 248 260 
80 93 248 249 
81 94 249 250 
82 95 250 251 
83 96 251 252 
84 97 252 253 
85 98 253 254 
86 99 254 255 
87 100 255 256 
88 101 256 257 
89 102 257 258 
90 103 258 259 
91 104 259 260 
92 105 261 273 
93 106 261 262 
94 107 262 263 
95 108 263 264 
96 109 264 265 
97 110 265 266 
98 111 266 267 
99 112 267 268 
100 113 268 269 
101 114 269 270 
102 115 270 271 
103 116 271 272 
104 117 272 273 
105 118 274 286 
106 119 274 275 
107 120 275 276 
108 121 276 277 
109 122 277 278 
110 123 278 279 
111 124 279 280 
112 125 280 281 
113 126 281 282 
114 127 282 283 
115 128 283 284 
116 129 284 285 
117 130 285 286 
118 131 287 299 
119 132 287 288 
120 133 288 289 
121 134 289 290 
122 135 290 291 
123 136 291 292 
124 137 292 293 
125 138 293 294 
126 139 294 295 
127 140 295 296 
128 141 296 297 
129 142 297 298 
130 143 298 299 
131 144 300 312 
132 145 300 301 
133 146 301 302 
134 147 302 303 
135 148 303 304 
136 149 304 305 
137 150 305 306 
138 151 306 307 
139 152 307 308 
140 153 308 309 
141 154 309 310 
142 155 310 311 
143 156 311 312 
144 157 313 325 
145 158 313 314 
146 159 314 315 
147 160 315 316 
148 161 316 317 
149 162 317 318 
150 163 318 319 
151 164 319 320 
152 165 320 321 
153 166 321 322 
154 167 322 323 
155 168 323 324 
156 169 324 325 
1 157 326 338 
2 158 326 327 
3 159 327 328 
4 160 328 329 
5 161 329 330 
6 162 330 331 
7 163 331 332 
8 164 332 333 
9 165 333 334 
10 166 334 335 
11 167 335 336 
12 168 336 337 
13 169 337 338 
