450 225
1 2 226 436 
2 3 227 437 
3 4 228 438 
4 5 229 439 
5 6 230 440 
6 7 231 441 
7 8 232 442 
8 9 233 443 
9 10 234 444 
10 11 235 445 
11 12 236 446 
12 13 237 447 
13 14 238 448 
14 15 239 449 
1 15 240 450 
16 17 226 241 
17 18 227 242 
18 19 228 243 
19 20 229 244 
20 21 230 245 
21 22 231 246 
22 23 232 247 
23 24 233 248 
24 25 234 249 
25 26 235 250 
26 27 236 251 
27 28 237 252 
28 29 238 253 
29 30 239 254 
16 30 240 255 
31 32 241 256 
32 33 242 257 
33 34 243 258 
34 35 244 259 
35 36 245 260 
36 37 246 261 
37 38 247 262 
38 39 248 263 
39 40 249 264 
40 41 250 265 
41 42 251 266 
42 43 252 267 
43 44 253 268 
44 45 254 269 
31 45 255 270 
46 47 256 271 
47 48 257 272 
48 49 258 273 
49 50 259 274 
50 51 260 275 
51 52 261 276 
52 53 262 277 
53 54 263 278 
54 55 264 279 
55 56 265 280 
56 57 266 281 
57 58 267 282 
58 59 268 283 
59 60 269 284 
46 60 270 285 
61 62 271 286 
62 63 272 287 
63 64 273 288 
64 65 274 289 
65 66 275 290 
66 67 276 291 
67 68 277 292 
68 69 278 293 
69 70 279 294 
70 71 280 295 
71 72 281 296 
72 73 282 297 
73 74 283 298 
74 75 284 299 
61 75 285 300 
76 77 286 301 
77 78 287 302 
78 79 288 303 
79 80 289 304 
80 81 290 305 
81 82 291 306 
82 83 292 307 
83 84 293 308 
84 85 294 309 
85 86 295 310 
86 87 296 311 
87 88 297 312 
88 89 298 313 
89 90 299 314 
76 90 300 315 
91 92 301 316 
92 93 302 317 
93 94 303 318 
94 95 304 319 
95 96 305 320 
96 97 306 321 
97 98 307 322 
98 99 308 323 
99 100 309 324 
100 101 310 325 
101 102 311 326 
102 103 312 327 
103 104 313 328 
104 105 314 329 
91 105 315 330 
106 107 316 331 
107 108 317 332 
108 109 318 333 
109 110 319 334 
110 111 320 335 
111 112 321 336 
112 113 322 337 
113 114 323 338 
114 115 324 339 
115 116 325 340 
116 117 326 341 
117 118 327 342 
118 119 328 343 
119 120 329 344 
106 120 330 345 
121 122 331 346 
122 123 332 347 
123 124 333 348 
124 125 334 349 
125 126 335 350 
126 127 336 351 
127 128 337 352 
128 129 338 353 
129 130 339 354 
130 131 340 355 
131 132 341 356 
132 133 342 357 
133 134 343 358 
134 135 344 359 
121 135 345 360 
136 137 346 361 
137 138 347 362 
138 139 348 363 
139 140 349 364 
140 141 350 365 
141 142 351 366 
142 143 352 367 
143 144 353 368 
144 145 354 369 
145 146 355 370 
146 147 356 371 
147 148 357 372 
148 149 358 373 
149 150 359 374 
136 150 360 375 
151 152 361 376 
152 153 362 377 
153 154 363 378 
154 155 364 379 
155 156 365 380 
156 157 366 381 
157 158 367 382 
158 159 368 383 
159 160 369 384 
160 161 370 385 
161 162 371 386 
162 163 372 387 
163 164 373 388 
164 165 374 389 
151 165 375 390 
166 167 376 391 
167 168 377 392 
168 169 378 393 
169 170 379 394 
170 171 380 395 
171 172 381 396 
172 173 382 397 
173 174 383 398 
174 175 384 399 
175 176 385 400 
176 177 386 401 
177 178 387 402 
178 179 388 403 
179 180 389 404 
166 180 390 405 
181 182 391 406 
182 183 392 407 
183 184 393 408 
184 185 394 409 
185 186 395 410 
186 187 396 411 
187 188 397 412 
188 189 398 413 
189 190 399 414 
190 191 400 415 
191 192 401 416 
192 193 402 417 
193 194 403 418 
194 195 404 419 
181 195 405 420 
196 197 406 421 
197 198 407 422 
198 199 408 423 
199 200 409 424 
200 201 410 425 
201 202 411 426 
202 203 412 427 
203 204 413 428 
204 205 414 429 
205 206 415 430 
206 207 416 431 
207 208 417 432 
208 209 418 433 
209 210 419 434 
196 210 420 435 
211 212 421 436 
212 213 422 437 
213 214 423 438 
214 215 424 439 
215 216 425 440 
216 217 426 441 
217 218 427 442 
218 219 428 443 
219 220 429 444 
220 221 430 445 
221 222 431 446 
222 223 432 447 
223 224 433 448 
224 225 434 449 
211 225 435 450 
