512 256
1 2 257 497 
2 3 258 498 
3 4 259 499 
4 5 260 500 
5 6 261 501 
6 7 262 502 
7 8 263 503 
8 9 264 504 
9 10 265 505 
10 11 266 506 
11 12 267 507 
12 13 268 508 
13 14 269 509 
14 15 270 510 
15 16 271 511 
1 16 272 512 
17 18 257 273 
18 19 258 274 
19 20 259 275 
20 21 260 276 
21 22 261 277 
22 23 262 278 
23 24 263 279 
24 25 264 280 
25 26 265 281 
26 27 266 282 
27 28 267 283 
28 29 268 284 
29 30 269 285 
30 31 270 286 
31 32 271 287 
17 32 272 288 
33 34 273 289 
34 35 274 290 
35 36 275 291 
36 37 276 292 
37 38 277 293 
38 39 278 294 
39 40 279 295 
40 41 280 296 
41 42 281 297 
42 43 282 298 
43 44 283 299 
44 45 284 300 
45 46 285 301 
46 47 286 302 
47 48 287 303 
33 48 288 304 
49 50 289 305 
50 51 290 306 
51 52 291 307 
52 53 292 308 
53 54 293 309 
54 55 294 310 
55 56 295 311 
56 57 296 312 
57 58 297 313 
58 59 298 314 
59 60 299 315 
60 61 300 316 
61 62 301 317 
62 63 302 318 
63 64 303 319 
49 64 304 320 
65 66 305 321 
66 67 306 322 
67 68 307 323 
68 69 308 324 
69 70 309 325 
70 71 310 326 
71 72 311 327 
72 73 312 328 
73 74 313 329 
74 75 314 330 
75 76 315 331 
76 77 316 332 
77 78 317 333 
78 79 318 334 
79 80 319 335 
65 80 320 336 
81 82 321 337 
82 83 322 338 
83 84 323 339 
84 85 324 340 
85 86 325 341 
86 87 326 342 
87 88 327 343 
88 89 328 344 
89 90 329 345 
90 91 330 346 
91 92 331 347 
92 93 332 348 
93 94 333 349 
94 95 334 350 
95 96 335 351 
81 96 336 352 
97 98 337 353 
98 99 338 354 
99 100 339 355 
100 101 340 356 
101 102 341 357 
102 103 342 358 
103 104 343 359 
104 105 344 360 
105 106 345 361 
106 107 346 362 
107 108 347 363 
108 109 348 364 
109 110 349 365 
110 111 350 366 
111 112 351 367 
97 112 352 368 
113 114 353 369 
114 115 354 370 
115 116 355 371 
116 117 356 372 
117 118 357 373 
118 119 358 374 
119 120 359 375 
120 121 360 376 
121 122 361 377 
122 123 362 378 
123 124 363 379 
124 125 364 380 
125 126 365 381 
126 127 366 382 
127 128 367 383 
113 128 368 384 
129 130 369 385 
130 131 370 386 
131 132 371 387 
132 133 372 388 
133 134 373 389 
134 135 374 390 
135 136 375 391 
136 137 376 392 
137 138 377 393 
138 139 378 394 
139 140 379 395 
140 141 380 396 
141 142 381 397 
142 143 382 398 
143 144 383 399 
129 144 384 400 
145 146 385 401 
146 147 386 402 
147 148 387 403 
148 149 388 404 
149 150 389 405 
150 151 390 406 
151 152 391 407 
152 153 392 408 
153 154 393 409 
154 155 394 410 
155 156 395 411 
156 157 396 412 
157 158 397 413 
158 159 398 414 
159 160 399 415 
145 160 400 416 
161 162 401 417 
162 163 402 418 
163 164 403 419 
164 165 404 420 
165 166 405 421 
166 167 406 422 
167 168 407 423 
168 169 408 424 
169 170 409 425 
170 171 410 426 
171 172 411 427 
172 173 412 428 
173 174 413 429 
174 175 414 430 
175 176 415 431 
161 176 416 432 
177 178 417 433 
178 179 418 434 
179 180 419 435 
180 181 420 436 
181 182 421 437 
182 183 422 438 
183 184 423 439 
184 185 424 440 
185 186 425 441 
186 187 426 442 
187 188 427 443 
188 189 428 444 
189 190 429 445 
190 191 430 446 
191 192 431 447 
177 192 432 448 
193 194 433 449 
194 195 434 450 
195 196 435 451 
196 197 436 452 
197 198 437 453 
198 199 438 454 
199 200 439 455 
200 201 440 456 
201 202 441 457 
202 203 442 458 
203 204 443 459 
204 205 444 460 
205 206 445 461 
206 207 446 462 
207 208 447 463 
193 208 448 464 
209 210 449 465 
210 211 450 466 
211 212 451 467 
212 213 452 468 
213 214 453 469 
214 215 454 470 
215 216 455 471 
216 217 456 472 
217 218 457 473 
218 219 458 474 
219 220 459 475 
220 221 460 476 
221 222 461 477 
222 223 462 478 
223 224 463 479 
209 224 464 480 
225 226 465 481 
226 227 466 482 
227 228 467 483 
228 229 468 484 
229 230 469 485 
230 231 470 486 
231 232 471 487 
232 233 472 488 
233 234 473 489 
234 235 474 490 
235 236 475 491 
236 237 476 492 
237 238 477 493 
238 239 478 494 
239 240 479 495 
225 240 480 496 
241 242 481 497 
242 243 482 498 
243 244 483 499 
244 245 484 500 
245 246 485 501 
246 247 486 502 
247 248 487 503 
248 249 488 504 
249 250 489 505 
250 251 490 506 
251 252 491 507 
252 253 492 508 
253 254 493 509 
254 255 494 510 
255 256 495 511 
241 256 496 512 
