128 64
1 2 65 121 
2 3 66 122 
3 4 67 123 
4 5 68 124 
5 6 69 125 
6 7 70 126 
7 8 71 127 
1 8 72 128 
9 10 65 73 
10 11 66 74 
11 12 67 75 
12 13 68 76 
13 14 69 77 
14 15 70 78 
15 16 71 79 
9 16 72 80 
17 18 73 81 
18 19 74 82 
19 20 75 83 
20 21 76 84 
21 22 77 85 
22 23 78 86 
23 24 79 87 
17 24 80 88 
25 26 81 89 
26 27 82 90 
27 28 83 91 
28 29 84 92 
29 30 85 93 
30 31 86 94 
31 32 87 95 
25 32 88 96 
33 34 89 97 
34 35 90 98 
35 36 91 99 
36 37 92 100 
37 38 93 101 
38 39 94 102 
39 40 95 103 
33 40 96 104 
41 42 97 105 
42 43 98 106 
43 44 99 107 
44 45 100 108 
45 46 101 109 
46 47 102 110 
47 48 103 111 
41 48 104 112 
49 50 105 113 
50 51 106 114 
51 52 107 115 
52 53 108 116 
53 54 109 117 
54 55 110 118 
55 56 111 119 
49 56 112 120 
57 58 113 121 
58 59 114 122 
59 60 115 123 
60 61 116 124 
61 62 117 125 
62 63 118 126 
63 64 119 127 
57 64 120 128 
