289 144
1 2 18 19 
3 4 20 21 
5 6 22 23 
7 8 24 25 
9 10 26 27 
11 12 28 29 
13 14 30 31 
15 16 32 33 
19 20 36 37 
21 22 38 39 
23 24 40 41 
25 26 42 43 
27 28 44 45 
29 30 46 47 
31 32 48 49 
33 34 50 51 
35 36 52 53 
37 38 54 55 
39 40 56 57 
41 42 58 59 
43 44 60 61 
45 46 62 63 
47 48 64 65 
49 50 66 67 
53 54 70 71 
55 56 72 73 
57 58 74 75 
59 60 76 77 
61 62 78 79 
63 64 80 81 
65 66 82 83 
67 68 84 85 
69 70 86 87 
71 72 88 89 
73 74 90 91 
75 76 92 93 
77 78 94 95 
79 80 96 97 
81 82 98 99 
83 84 100 101 
87 88 104 105 
89 90 106 107 
91 92 108 109 
93 94 110 111 
95 96 112 113 
97 98 114 115 
99 100 116 117 
101 102 118 119 
103 104 120 121 
105 106 122 123 
107 108 124 125 
109 110 126 127 
111 112 128 129 
113 114 130 131 
115 116 132 133 
117 118 134 135 
121 122 138 139 
123 124 140 141 
125 126 142 143 
127 128 144 145 
129 130 146 147 
131 132 148 149 
133 134 150 151 
135 136 152 153 
137 138 154 155 
139 140 156 157 
141 142 158 159 
143 144 160 161 
145 146 162 163 
147 148 164 165 
149 150 166 167 
151 152 168 169 
155 156 172 173 
157 158 174 175 
159 160 176 177 
161 162 178 179 
163 164 180 181 
165 166 182 183 
167 168 184 185 
169 170 186 187 
171 172 188 189 
173 174 190 191 
175 176 192 193 
177 178 194 195 
179 180 196 197 
181 182 198 199 
183 184 200 201 
185 186 202 203 
189 190 206 207 
191 192 208 209 
193 194 210 211 
195 196 212 213 
197 198 214 215 
199 200 216 217 
201 202 218 219 
203 204 220 221 
205 206 222 223 
207 208 224 225 
209 210 226 227 
211 212 228 229 
213 214 230 231 
215 216 232 233 
217 218 234 235 
219 220 236 237 
223 224 240 241 
225 226 242 243 
227 228 244 245 
229 230 246 247 
231 232 248 249 
233 234 250 251 
235 236 252 253 
237 238 254 255 
239 240 256 257 
241 242 258 259 
243 244 260 261 
245 246 262 263 
247 248 264 265 
249 250 266 267 
251 252 268 269 
253 254 270 271 
257 258 274 275 
259 260 276 277 
261 262 278 279 
263 264 280 281 
265 266 282 283 
267 268 284 285 
269 270 286 287 
271 272 288 289 
18 35 
52 69 
86 103 
120 137 
154 171 
188 205 
222 239 
256 273 
17 34 
51 68 
85 102 
119 136 
153 170 
187 204 
221 238 
255 272 
