121 60
2 3 13 14 
4 5 15 16 
6 7 17 18 
8 9 19 20 
10 11 21 22 
12 13 23 24 
14 15 25 26 
16 17 27 28 
18 19 29 30 
20 21 31 32 
24 25 35 36 
26 27 37 38 
28 29 39 40 
30 31 41 42 
32 33 43 44 
34 35 45 46 
36 37 47 48 
38 39 49 50 
40 41 51 52 
42 43 53 54 
46 47 57 58 
48 49 59 60 
50 51 61 62 
52 53 63 64 
54 55 65 66 
56 57 67 68 
58 59 69 70 
60 61 71 72 
62 63 73 74 
64 65 75 76 
68 69 79 80 
70 71 81 82 
72 73 83 84 
74 75 85 86 
76 77 87 88 
78 79 89 90 
80 81 91 92 
82 83 93 94 
84 85 95 96 
86 87 97 98 
90 91 101 102 
92 93 103 104 
94 95 105 106 
96 97 107 108 
98 99 109 110 
100 101 111 112 
102 103 113 114 
104 105 115 116 
106 107 117 118 
108 109 119 120 
1 2 
3 4 
5 6 
7 8 
9 10 
112 113 
114 115 
116 117 
118 119 
120 121 
