225 112
1 2 16 17 
3 4 18 19 
5 6 20 21 
7 8 22 23 
9 10 24 25 
11 12 26 27 
13 14 28 29 
17 18 32 33 
19 20 34 35 
21 22 36 37 
23 24 38 39 
25 26 40 41 
27 28 42 43 
29 30 44 45 
31 32 46 47 
33 34 48 49 
35 36 50 51 
37 38 52 53 
39 40 54 55 
41 42 56 57 
43 44 58 59 
47 48 62 63 
49 50 64 65 
51 52 66 67 
53 54 68 69 
55 56 70 71 
57 58 72 73 
59 60 74 75 
61 62 76 77 
63 64 78 79 
65 66 80 81 
67 68 82 83 
69 70 84 85 
71 72 86 87 
73 74 88 89 
77 78 92 93 
79 80 94 95 
81 82 96 97 
83 84 98 99 
85 86 100 101 
87 88 102 103 
89 90 104 105 
91 92 106 107 
93 94 108 109 
95 96 110 111 
97 98 112 113 
99 100 114 115 
101 102 116 117 
103 104 118 119 
107 108 122 123 
109 110 124 125 
111 112 126 127 
113 114 128 129 
115 116 130 131 
117 118 132 133 
119 120 134 135 
121 122 136 137 
123 124 138 139 
125 126 140 141 
127 128 142 143 
129 130 144 145 
131 132 146 147 
133 134 148 149 
137 138 152 153 
139 140 154 155 
141 142 156 157 
143 144 158 159 
145 146 160 161 
147 148 162 163 
149 150 164 165 
151 152 166 167 
153 154 168 169 
155 156 170 171 
157 158 172 173 
159 160 174 175 
161 162 176 177 
163 164 178 179 
167 168 182 183 
169 170 184 185 
171 172 186 187 
173 174 188 189 
175 176 190 191 
177 178 192 193 
179 180 194 195 
181 182 196 197 
183 184 198 199 
185 186 200 201 
187 188 202 203 
189 190 204 205 
191 192 206 207 
193 194 208 209 
197 198 212 213 
199 200 214 215 
201 202 216 217 
203 204 218 219 
205 206 220 221 
207 208 222 223 
209 210 224 225 
16 31 
46 61 
76 91 
106 121 
136 151 
166 181 
196 211 
15 30 
45 60 
75 90 
105 120 
135 150 
165 180 
195 210 
