169 84
1 2 14 15 
3 4 16 17 
5 6 18 19 
7 8 20 21 
9 10 22 23 
11 12 24 25 
15 16 28 29 
17 18 30 31 
19 20 32 33 
21 22 34 35 
23 24 36 37 
25 26 38 39 
27 28 40 41 
29 30 42 43 
31 32 44 45 
33 34 46 47 
35 36 48 49 
37 38 50 51 
41 42 54 55 
43 44 56 57 
45 46 58 59 
47 48 60 61 
49 50 62 63 
51 52 64 65 
53 54 66 67 
55 56 68 69 
57 58 70 71 
59 60 72 73 
61 62 74 75 
63 64 76 77 
67 68 80 81 
69 70 82 83 
71 72 84 85 
73 74 86 87 
75 76 88 89 
77 78 90 91 
79 80 92 93 
81 82 94 95 
83 84 96 97 
85 86 98 99 
87 88 100 101 
89 90 102 103 
93 94 106 107 
95 96 108 109 
97 98 110 111 
99 100 112 113 
101 102 114 115 
103 104 116 117 
105 106 118 119 
107 108 120 121 
109 110 122 123 
111 112 124 125 
113 114 126 127 
115 116 128 129 
119 120 132 133 
121 122 134 135 
123 124 136 137 
125 126 138 139 
127 128 140 141 
129 130 142 143 
131 132 144 145 
133 134 146 147 
135 136 148 149 
137 138 150 151 
139 140 152 153 
141 142 154 155 
145 146 158 159 
147 148 160 161 
149 150 162 163 
151 152 164 165 
153 154 166 167 
155 156 168 169 
14 27 
40 53 
66 79 
92 105 
118 131 
144 157 
13 26 
39 52 
65 78 
91 104 
117 130 
143 156 
