225 112
2 3 17 18 
4 5 19 20 
6 7 21 22 
8 9 23 24 
10 11 25 26 
12 13 27 28 
14 15 29 30 
16 17 31 32 
18 19 33 34 
20 21 35 36 
22 23 37 38 
24 25 39 40 
26 27 41 42 
28 29 43 44 
32 33 47 48 
34 35 49 50 
36 37 51 52 
38 39 53 54 
40 41 55 56 
42 43 57 58 
44 45 59 60 
46 47 61 62 
48 49 63 64 
50 51 65 66 
52 53 67 68 
54 55 69 70 
56 57 71 72 
58 59 73 74 
62 63 77 78 
64 65 79 80 
66 67 81 82 
68 69 83 84 
70 71 85 86 
72 73 87 88 
74 75 89 90 
76 77 91 92 
78 79 93 94 
80 81 95 96 
82 83 97 98 
84 85 99 100 
86 87 101 102 
88 89 103 104 
92 93 107 108 
94 95 109 110 
96 97 111 112 
98 99 113 114 
100 101 115 116 
102 103 117 118 
104 105 119 120 
106 107 121 122 
108 109 123 124 
110 111 125 126 
112 113 127 128 
114 115 129 130 
116 117 131 132 
118 119 133 134 
122 123 137 138 
124 125 139 140 
126 127 141 142 
128 129 143 144 
130 131 145 146 
132 133 147 148 
134 135 149 150 
136 137 151 152 
138 139 153 154 
140 141 155 156 
142 143 157 158 
144 145 159 160 
146 147 161 162 
148 149 163 164 
152 153 167 168 
154 155 169 170 
156 157 171 172 
158 159 173 174 
160 161 175 176 
162 163 177 178 
164 165 179 180 
166 167 181 182 
168 169 183 184 
170 171 185 186 
172 173 187 188 
174 175 189 190 
176 177 191 192 
178 179 193 194 
182 183 197 198 
184 185 199 200 
186 187 201 202 
188 189 203 204 
190 191 205 206 
192 193 207 208 
194 195 209 210 
196 197 211 212 
198 199 213 214 
200 201 215 216 
202 203 217 218 
204 205 219 220 
206 207 221 222 
208 209 223 224 
1 2 
3 4 
5 6 
7 8 
9 10 
11 12 
13 14 
212 213 
214 215 
216 217 
218 219 
220 221 
222 223 
224 225 
