361 180
1 2 20 21 
3 4 22 23 
5 6 24 25 
7 8 26 27 
9 10 28 29 
11 12 30 31 
13 14 32 33 
15 16 34 35 
17 18 36 37 
21 22 40 41 
23 24 42 43 
25 26 44 45 
27 28 46 47 
29 30 48 49 
31 32 50 51 
33 34 52 53 
35 36 54 55 
37 38 56 57 
39 40 58 59 
41 42 60 61 
43 44 62 63 
45 46 64 65 
47 48 66 67 
49 50 68 69 
51 52 70 71 
53 54 72 73 
55 56 74 75 
59 60 78 79 
61 62 80 81 
63 64 82 83 
65 66 84 85 
67 68 86 87 
69 70 88 89 
71 72 90 91 
73 74 92 93 
75 76 94 95 
77 78 96 97 
79 80 98 99 
81 82 100 101 
83 84 102 103 
85 86 104 105 
87 88 106 107 
89 90 108 109 
91 92 110 111 
93 94 112 113 
97 98 116 117 
99 100 118 119 
101 102 120 121 
103 104 122 123 
105 106 124 125 
107 108 126 127 
109 110 128 129 
111 112 130 131 
113 114 132 133 
115 116 134 135 
117 118 136 137 
119 120 138 139 
121 122 140 141 
123 124 142 143 
125 126 144 145 
127 128 146 147 
129 130 148 149 
131 132 150 151 
135 136 154 155 
137 138 156 157 
139 140 158 159 
141 142 160 161 
143 144 162 163 
145 146 164 165 
147 148 166 167 
149 150 168 169 
151 152 170 171 
153 154 172 173 
155 156 174 175 
157 158 176 177 
159 160 178 179 
161 162 180 181 
163 164 182 183 
165 166 184 185 
167 168 186 187 
169 170 188 189 
173 174 192 193 
175 176 194 195 
177 178 196 197 
179 180 198 199 
181 182 200 201 
183 184 202 203 
185 186 204 205 
187 188 206 207 
189 190 208 209 
191 192 210 211 
193 194 212 213 
195 196 214 215 
197 198 216 217 
199 200 218 219 
201 202 220 221 
203 204 222 223 
205 206 224 225 
207 208 226 227 
211 212 230 231 
213 214 232 233 
215 216 234 235 
217 218 236 237 
219 220 238 239 
221 222 240 241 
223 224 242 243 
225 226 244 245 
227 228 246 247 
229 230 248 249 
231 232 250 251 
233 234 252 253 
235 236 254 255 
237 238 256 257 
239 240 258 259 
241 242 260 261 
243 244 262 263 
245 246 264 265 
249 250 268 269 
251 252 270 271 
253 254 272 273 
255 256 274 275 
257 258 276 277 
259 260 278 279 
261 262 280 281 
263 264 282 283 
265 266 284 285 
267 268 286 287 
269 270 288 289 
271 272 290 291 
273 274 292 293 
275 276 294 295 
277 278 296 297 
279 280 298 299 
281 282 300 301 
283 284 302 303 
287 288 306 307 
289 290 308 309 
291 292 310 311 
293 294 312 313 
295 296 314 315 
297 298 316 317 
299 300 318 319 
301 302 320 321 
303 304 322 323 
305 306 324 325 
307 308 326 327 
309 310 328 329 
311 312 330 331 
313 314 332 333 
315 316 334 335 
317 318 336 337 
319 320 338 339 
321 322 340 341 
325 326 344 345 
327 328 346 347 
329 330 348 349 
331 332 350 351 
333 334 352 353 
335 336 354 355 
337 338 356 357 
339 340 358 359 
341 342 360 361 
20 39 
58 77 
96 115 
134 153 
172 191 
210 229 
248 267 
286 305 
324 343 
19 38 
57 76 
95 114 
133 152 
171 190 
209 228 
247 266 
285 304 
323 342 
