289 144
2 3 19 20 
4 5 21 22 
6 7 23 24 
8 9 25 26 
10 11 27 28 
12 13 29 30 
14 15 31 32 
16 17 33 34 
18 19 35 36 
20 21 37 38 
22 23 39 40 
24 25 41 42 
26 27 43 44 
28 29 45 46 
30 31 47 48 
32 33 49 50 
36 37 53 54 
38 39 55 56 
40 41 57 58 
42 43 59 60 
44 45 61 62 
46 47 63 64 
48 49 65 66 
50 51 67 68 
52 53 69 70 
54 55 71 72 
56 57 73 74 
58 59 75 76 
60 61 77 78 
62 63 79 80 
64 65 81 82 
66 67 83 84 
70 71 87 88 
72 73 89 90 
74 75 91 92 
76 77 93 94 
78 79 95 96 
80 81 97 98 
82 83 99 100 
84 85 101 102 
86 87 103 104 
88 89 105 106 
90 91 107 108 
92 93 109 110 
94 95 111 112 
96 97 113 114 
98 99 115 116 
100 101 117 118 
104 105 121 122 
106 107 123 124 
108 109 125 126 
110 111 127 128 
112 113 129 130 
114 115 131 132 
116 117 133 134 
118 119 135 136 
120 121 137 138 
122 123 139 140 
124 125 141 142 
126 127 143 144 
128 129 145 146 
130 131 147 148 
132 133 149 150 
134 135 151 152 
138 139 155 156 
140 141 157 158 
142 143 159 160 
144 145 161 162 
146 147 163 164 
148 149 165 166 
150 151 167 168 
152 153 169 170 
154 155 171 172 
156 157 173 174 
158 159 175 176 
160 161 177 178 
162 163 179 180 
164 165 181 182 
166 167 183 184 
168 169 185 186 
172 173 189 190 
174 175 191 192 
176 177 193 194 
178 179 195 196 
180 181 197 198 
182 183 199 200 
184 185 201 202 
186 187 203 204 
188 189 205 206 
190 191 207 208 
192 193 209 210 
194 195 211 212 
196 197 213 214 
198 199 215 216 
200 201 217 218 
202 203 219 220 
206 207 223 224 
208 209 225 226 
210 211 227 228 
212 213 229 230 
214 215 231 232 
216 217 233 234 
218 219 235 236 
220 221 237 238 
222 223 239 240 
224 225 241 242 
226 227 243 244 
228 229 245 246 
230 231 247 248 
232 233 249 250 
234 235 251 252 
236 237 253 254 
240 241 257 258 
242 243 259 260 
244 245 261 262 
246 247 263 264 
248 249 265 266 
250 251 267 268 
252 253 269 270 
254 255 271 272 
256 257 273 274 
258 259 275 276 
260 261 277 278 
262 263 279 280 
264 265 281 282 
266 267 283 284 
268 269 285 286 
270 271 287 288 
1 2 
3 4 
5 6 
7 8 
9 10 
11 12 
13 14 
15 16 
274 275 
276 277 
278 279 
280 281 
282 283 
284 285 
286 287 
288 289 
