361 180
2 3 21 22 
4 5 23 24 
6 7 25 26 
8 9 27 28 
10 11 29 30 
12 13 31 32 
14 15 33 34 
16 17 35 36 
18 19 37 38 
20 21 39 40 
22 23 41 42 
24 25 43 44 
26 27 45 46 
28 29 47 48 
30 31 49 50 
32 33 51 52 
34 35 53 54 
36 37 55 56 
40 41 59 60 
42 43 61 62 
44 45 63 64 
46 47 65 66 
48 49 67 68 
50 51 69 70 
52 53 71 72 
54 55 73 74 
56 57 75 76 
58 59 77 78 
60 61 79 80 
62 63 81 82 
64 65 83 84 
66 67 85 86 
68 69 87 88 
70 71 89 90 
72 73 91 92 
74 75 93 94 
78 79 97 98 
80 81 99 100 
82 83 101 102 
84 85 103 104 
86 87 105 106 
88 89 107 108 
90 91 109 110 
92 93 111 112 
94 95 113 114 
96 97 115 116 
98 99 117 118 
100 101 119 120 
102 103 121 122 
104 105 123 124 
106 107 125 126 
108 109 127 128 
110 111 129 130 
112 113 131 132 
116 117 135 136 
118 119 137 138 
120 121 139 140 
122 123 141 142 
124 125 143 144 
126 127 145 146 
128 129 147 148 
130 131 149 150 
132 133 151 152 
134 135 153 154 
136 137 155 156 
138 139 157 158 
140 141 159 160 
142 143 161 162 
144 145 163 164 
146 147 165 166 
148 149 167 168 
150 151 169 170 
154 155 173 174 
156 157 175 176 
158 159 177 178 
160 161 179 180 
162 163 181 182 
164 165 183 184 
166 167 185 186 
168 169 187 188 
170 171 189 190 
172 173 191 192 
174 175 193 194 
176 177 195 196 
178 179 197 198 
180 181 199 200 
182 183 201 202 
184 185 203 204 
186 187 205 206 
188 189 207 208 
192 193 211 212 
194 195 213 214 
196 197 215 216 
198 199 217 218 
200 201 219 220 
202 203 221 222 
204 205 223 224 
206 207 225 226 
208 209 227 228 
210 211 229 230 
212 213 231 232 
214 215 233 234 
216 217 235 236 
218 219 237 238 
220 221 239 240 
222 223 241 242 
224 225 243 244 
226 227 245 246 
230 231 249 250 
232 233 251 252 
234 235 253 254 
236 237 255 256 
238 239 257 258 
240 241 259 260 
242 243 261 262 
244 245 263 264 
246 247 265 266 
248 249 267 268 
250 251 269 270 
252 253 271 272 
254 255 273 274 
256 257 275 276 
258 259 277 278 
260 261 279 280 
262 263 281 282 
264 265 283 284 
268 269 287 288 
270 271 289 290 
272 273 291 292 
274 275 293 294 
276 277 295 296 
278 279 297 298 
280 281 299 300 
282 283 301 302 
284 285 303 304 
286 287 305 306 
288 289 307 308 
290 291 309 310 
292 293 311 312 
294 295 313 314 
296 297 315 316 
298 299 317 318 
300 301 319 320 
302 303 321 322 
306 307 325 326 
308 309 327 328 
310 311 329 330 
312 313 331 332 
314 315 333 334 
316 317 335 336 
318 319 337 338 
320 321 339 340 
322 323 341 342 
324 325 343 344 
326 327 345 346 
328 329 347 348 
330 331 349 350 
332 333 351 352 
334 335 353 354 
336 337 355 356 
338 339 357 358 
340 341 359 360 
1 2 
3 4 
5 6 
7 8 
9 10 
11 12 
13 14 
15 16 
17 18 
344 345 
346 347 
348 349 
350 351 
352 353 
354 355 
356 357 
358 359 
360 361 
