121 60
1 2 12 13 
3 4 14 15 
5 6 16 17 
7 8 18 19 
9 10 20 21 
13 14 24 25 
15 16 26 27 
17 18 28 29 
19 20 30 31 
21 22 32 33 
23 24 34 35 
25 26 36 37 
27 28 38 39 
29 30 40 41 
31 32 42 43 
35 36 46 47 
37 38 48 49 
39 40 50 51 
41 42 52 53 
43 44 54 55 
45 46 56 57 
47 48 58 59 
49 50 60 61 
51 52 62 63 
53 54 64 65 
57 58 68 69 
59 60 70 71 
61 62 72 73 
63 64 74 75 
65 66 76 77 
67 68 78 79 
69 70 80 81 
71 72 82 83 
73 74 84 85 
75 76 86 87 
79 80 90 91 
81 82 92 93 
83 84 94 95 
85 86 96 97 
87 88 98 99 
89 90 100 101 
91 92 102 103 
93 94 104 105 
95 96 106 107 
97 98 108 109 
101 102 112 113 
103 104 114 115 
105 106 116 117 
107 108 118 119 
109 110 120 121 
12 23 
34 45 
56 67 
78 89 
100 111 
11 22 
33 44 
55 66 
77 88 
99 110 
