18  1983  0.200503
32  1976  0.325006
50  1965  0.498226
72  1950  0.633189
98  1954  0.81312
128  1926  0.931264
162  1901  1.09724
200  1874  1.23559
242  1871  1.28617
288  6  0
18  1979  0.199546
32  1979  0.352244
50  1973  0.462528
72  1968  0.629583
98  1930  0.80077
128  1927  1.00231
162  1891  1.10099
200  1895  1.22477
242  1827  1.33119
288  6  0
392  20  1.40797
450  1724  1.69102
512  0  0
578  1  1.84848
18  1994  0.01 0.195391
32  1970  0.01 0.353908
50  1972  0.01 0.46214
72  1958  0.01 0.651434
98  1932  0.01 0.794556
128  1929  0.01 0.922345
162  1878  0.01 1.06139
200  1871  0.01 1.20941
242  1856  0.01 1.33104
288  6  0.01 0
338  1802  0.01 1.50095
