512 256
1 17 257 272 
2 18 257 258 
3 19 258 259 
4 20 259 260 
5 21 260 261 
6 22 261 262 
7 23 262 263 
8 24 263 264 
9 25 264 265 
10 26 265 266 
11 27 266 267 
12 28 267 268 
13 29 268 269 
14 30 269 270 
15 31 270 271 
16 32 271 272 
17 33 273 288 
18 34 273 274 
19 35 274 275 
20 36 275 276 
21 37 276 277 
22 38 277 278 
23 39 278 279 
24 40 279 280 
25 41 280 281 
26 42 281 282 
27 43 282 283 
28 44 283 284 
29 45 284 285 
30 46 285 286 
31 47 286 287 
32 48 287 288 
33 49 289 304 
34 50 289 290 
35 51 290 291 
36 52 291 292 
37 53 292 293 
38 54 293 294 
39 55 294 295 
40 56 295 296 
41 57 296 297 
42 58 297 298 
43 59 298 299 
44 60 299 300 
45 61 300 301 
46 62 301 302 
47 63 302 303 
48 64 303 304 
49 65 305 320 
50 66 305 306 
51 67 306 307 
52 68 307 308 
53 69 308 309 
54 70 309 310 
55 71 310 311 
56 72 311 312 
57 73 312 313 
58 74 313 314 
59 75 314 315 
60 76 315 316 
61 77 316 317 
62 78 317 318 
63 79 318 319 
64 80 319 320 
65 81 321 336 
66 82 321 322 
67 83 322 323 
68 84 323 324 
69 85 324 325 
70 86 325 326 
71 87 326 327 
72 88 327 328 
73 89 328 329 
74 90 329 330 
75 91 330 331 
76 92 331 332 
77 93 332 333 
78 94 333 334 
79 95 334 335 
80 96 335 336 
81 97 337 352 
82 98 337 338 
83 99 338 339 
84 100 339 340 
85 101 340 341 
86 102 341 342 
87 103 342 343 
88 104 343 344 
89 105 344 345 
90 106 345 346 
91 107 346 347 
92 108 347 348 
93 109 348 349 
94 110 349 350 
95 111 350 351 
96 112 351 352 
97 113 353 368 
98 114 353 354 
99 115 354 355 
100 116 355 356 
101 117 356 357 
102 118 357 358 
103 119 358 359 
104 120 359 360 
105 121 360 361 
106 122 361 362 
107 123 362 363 
108 124 363 364 
109 125 364 365 
110 126 365 366 
111 127 366 367 
112 128 367 368 
113 129 369 384 
114 130 369 370 
115 131 370 371 
116 132 371 372 
117 133 372 373 
118 134 373 374 
119 135 374 375 
120 136 375 376 
121 137 376 377 
122 138 377 378 
123 139 378 379 
124 140 379 380 
125 141 380 381 
126 142 381 382 
127 143 382 383 
128 144 383 384 
129 145 385 400 
130 146 385 386 
131 147 386 387 
132 148 387 388 
133 149 388 389 
134 150 389 390 
135 151 390 391 
136 152 391 392 
137 153 392 393 
138 154 393 394 
139 155 394 395 
140 156 395 396 
141 157 396 397 
142 158 397 398 
143 159 398 399 
144 160 399 400 
145 161 401 416 
146 162 401 402 
147 163 402 403 
148 164 403 404 
149 165 404 405 
150 166 405 406 
151 167 406 407 
152 168 407 408 
153 169 408 409 
154 170 409 410 
155 171 410 411 
156 172 411 412 
157 173 412 413 
158 174 413 414 
159 175 414 415 
160 176 415 416 
161 177 417 432 
162 178 417 418 
163 179 418 419 
164 180 419 420 
165 181 420 421 
166 182 421 422 
167 183 422 423 
168 184 423 424 
169 185 424 425 
170 186 425 426 
171 187 426 427 
172 188 427 428 
173 189 428 429 
174 190 429 430 
175 191 430 431 
176 192 431 432 
177 193 433 448 
178 194 433 434 
179 195 434 435 
180 196 435 436 
181 197 436 437 
182 198 437 438 
183 199 438 439 
184 200 439 440 
185 201 440 441 
186 202 441 442 
187 203 442 443 
188 204 443 444 
189 205 444 445 
190 206 445 446 
191 207 446 447 
192 208 447 448 
193 209 449 464 
194 210 449 450 
195 211 450 451 
196 212 451 452 
197 213 452 453 
198 214 453 454 
199 215 454 455 
200 216 455 456 
201 217 456 457 
202 218 457 458 
203 219 458 459 
204 220 459 460 
205 221 460 461 
206 222 461 462 
207 223 462 463 
208 224 463 464 
209 225 465 480 
210 226 465 466 
211 227 466 467 
212 228 467 468 
213 229 468 469 
214 230 469 470 
215 231 470 471 
216 232 471 472 
217 233 472 473 
218 234 473 474 
219 235 474 475 
220 236 475 476 
221 237 476 477 
222 238 477 478 
223 239 478 479 
224 240 479 480 
225 241 481 496 
226 242 481 482 
227 243 482 483 
228 244 483 484 
229 245 484 485 
230 246 485 486 
231 247 486 487 
232 248 487 488 
233 249 488 489 
234 250 489 490 
235 251 490 491 
236 252 491 492 
237 253 492 493 
238 254 493 494 
239 255 494 495 
240 256 495 496 
1 241 497 512 
2 242 497 498 
3 243 498 499 
4 244 499 500 
5 245 500 501 
6 246 501 502 
7 247 502 503 
8 248 503 504 
9 249 504 505 
10 250 505 506 
11 251 506 507 
12 252 507 508 
13 253 508 509 
14 254 509 510 
15 255 510 511 
16 256 511 512 
