800 400
1 21 401 420 
2 22 401 402 
3 23 402 403 
4 24 403 404 
5 25 404 405 
6 26 405 406 
7 27 406 407 
8 28 407 408 
9 29 408 409 
10 30 409 410 
11 31 410 411 
12 32 411 412 
13 33 412 413 
14 34 413 414 
15 35 414 415 
16 36 415 416 
17 37 416 417 
18 38 417 418 
19 39 418 419 
20 40 419 420 
21 41 421 440 
22 42 421 422 
23 43 422 423 
24 44 423 424 
25 45 424 425 
26 46 425 426 
27 47 426 427 
28 48 427 428 
29 49 428 429 
30 50 429 430 
31 51 430 431 
32 52 431 432 
33 53 432 433 
34 54 433 434 
35 55 434 435 
36 56 435 436 
37 57 436 437 
38 58 437 438 
39 59 438 439 
40 60 439 440 
41 61 441 460 
42 62 441 442 
43 63 442 443 
44 64 443 444 
45 65 444 445 
46 66 445 446 
47 67 446 447 
48 68 447 448 
49 69 448 449 
50 70 449 450 
51 71 450 451 
52 72 451 452 
53 73 452 453 
54 74 453 454 
55 75 454 455 
56 76 455 456 
57 77 456 457 
58 78 457 458 
59 79 458 459 
60 80 459 460 
61 81 461 480 
62 82 461 462 
63 83 462 463 
64 84 463 464 
65 85 464 465 
66 86 465 466 
67 87 466 467 
68 88 467 468 
69 89 468 469 
70 90 469 470 
71 91 470 471 
72 92 471 472 
73 93 472 473 
74 94 473 474 
75 95 474 475 
76 96 475 476 
77 97 476 477 
78 98 477 478 
79 99 478 479 
80 100 479 480 
81 101 481 500 
82 102 481 482 
83 103 482 483 
84 104 483 484 
85 105 484 485 
86 106 485 486 
87 107 486 487 
88 108 487 488 
89 109 488 489 
90 110 489 490 
91 111 490 491 
92 112 491 492 
93 113 492 493 
94 114 493 494 
95 115 494 495 
96 116 495 496 
97 117 496 497 
98 118 497 498 
99 119 498 499 
100 120 499 500 
101 121 501 520 
102 122 501 502 
103 123 502 503 
104 124 503 504 
105 125 504 505 
106 126 505 506 
107 127 506 507 
108 128 507 508 
109 129 508 509 
110 130 509 510 
111 131 510 511 
112 132 511 512 
113 133 512 513 
114 134 513 514 
115 135 514 515 
116 136 515 516 
117 137 516 517 
118 138 517 518 
119 139 518 519 
120 140 519 520 
121 141 521 540 
122 142 521 522 
123 143 522 523 
124 144 523 524 
125 145 524 525 
126 146 525 526 
127 147 526 527 
128 148 527 528 
129 149 528 529 
130 150 529 530 
131 151 530 531 
132 152 531 532 
133 153 532 533 
134 154 533 534 
135 155 534 535 
136 156 535 536 
137 157 536 537 
138 158 537 538 
139 159 538 539 
140 160 539 540 
141 161 541 560 
142 162 541 542 
143 163 542 543 
144 164 543 544 
145 165 544 545 
146 166 545 546 
147 167 546 547 
148 168 547 548 
149 169 548 549 
150 170 549 550 
151 171 550 551 
152 172 551 552 
153 173 552 553 
154 174 553 554 
155 175 554 555 
156 176 555 556 
157 177 556 557 
158 178 557 558 
159 179 558 559 
160 180 559 560 
161 181 561 580 
162 182 561 562 
163 183 562 563 
164 184 563 564 
165 185 564 565 
166 186 565 566 
167 187 566 567 
168 188 567 568 
169 189 568 569 
170 190 569 570 
171 191 570 571 
172 192 571 572 
173 193 572 573 
174 194 573 574 
175 195 574 575 
176 196 575 576 
177 197 576 577 
178 198 577 578 
179 199 578 579 
180 200 579 580 
181 201 581 600 
182 202 581 582 
183 203 582 583 
184 204 583 584 
185 205 584 585 
186 206 585 586 
187 207 586 587 
188 208 587 588 
189 209 588 589 
190 210 589 590 
191 211 590 591 
192 212 591 592 
193 213 592 593 
194 214 593 594 
195 215 594 595 
196 216 595 596 
197 217 596 597 
198 218 597 598 
199 219 598 599 
200 220 599 600 
201 221 601 620 
202 222 601 602 
203 223 602 603 
204 224 603 604 
205 225 604 605 
206 226 605 606 
207 227 606 607 
208 228 607 608 
209 229 608 609 
210 230 609 610 
211 231 610 611 
212 232 611 612 
213 233 612 613 
214 234 613 614 
215 235 614 615 
216 236 615 616 
217 237 616 617 
218 238 617 618 
219 239 618 619 
220 240 619 620 
221 241 621 640 
222 242 621 622 
223 243 622 623 
224 244 623 624 
225 245 624 625 
226 246 625 626 
227 247 626 627 
228 248 627 628 
229 249 628 629 
230 250 629 630 
231 251 630 631 
232 252 631 632 
233 253 632 633 
234 254 633 634 
235 255 634 635 
236 256 635 636 
237 257 636 637 
238 258 637 638 
239 259 638 639 
240 260 639 640 
241 261 641 660 
242 262 641 642 
243 263 642 643 
244 264 643 644 
245 265 644 645 
246 266 645 646 
247 267 646 647 
248 268 647 648 
249 269 648 649 
250 270 649 650 
251 271 650 651 
252 272 651 652 
253 273 652 653 
254 274 653 654 
255 275 654 655 
256 276 655 656 
257 277 656 657 
258 278 657 658 
259 279 658 659 
260 280 659 660 
261 281 661 680 
262 282 661 662 
263 283 662 663 
264 284 663 664 
265 285 664 665 
266 286 665 666 
267 287 666 667 
268 288 667 668 
269 289 668 669 
270 290 669 670 
271 291 670 671 
272 292 671 672 
273 293 672 673 
274 294 673 674 
275 295 674 675 
276 296 675 676 
277 297 676 677 
278 298 677 678 
279 299 678 679 
280 300 679 680 
281 301 681 700 
282 302 681 682 
283 303 682 683 
284 304 683 684 
285 305 684 685 
286 306 685 686 
287 307 686 687 
288 308 687 688 
289 309 688 689 
290 310 689 690 
291 311 690 691 
292 312 691 692 
293 313 692 693 
294 314 693 694 
295 315 694 695 
296 316 695 696 
297 317 696 697 
298 318 697 698 
299 319 698 699 
300 320 699 700 
301 321 701 720 
302 322 701 702 
303 323 702 703 
304 324 703 704 
305 325 704 705 
306 326 705 706 
307 327 706 707 
308 328 707 708 
309 329 708 709 
310 330 709 710 
311 331 710 711 
312 332 711 712 
313 333 712 713 
314 334 713 714 
315 335 714 715 
316 336 715 716 
317 337 716 717 
318 338 717 718 
319 339 718 719 
320 340 719 720 
321 341 721 740 
322 342 721 722 
323 343 722 723 
324 344 723 724 
325 345 724 725 
326 346 725 726 
327 347 726 727 
328 348 727 728 
329 349 728 729 
330 350 729 730 
331 351 730 731 
332 352 731 732 
333 353 732 733 
334 354 733 734 
335 355 734 735 
336 356 735 736 
337 357 736 737 
338 358 737 738 
339 359 738 739 
340 360 739 740 
341 361 741 760 
342 362 741 742 
343 363 742 743 
344 364 743 744 
345 365 744 745 
346 366 745 746 
347 367 746 747 
348 368 747 748 
349 369 748 749 
350 370 749 750 
351 371 750 751 
352 372 751 752 
353 373 752 753 
354 374 753 754 
355 375 754 755 
356 376 755 756 
357 377 756 757 
358 378 757 758 
359 379 758 759 
360 380 759 760 
361 381 761 780 
362 382 761 762 
363 383 762 763 
364 384 763 764 
365 385 764 765 
366 386 765 766 
367 387 766 767 
368 388 767 768 
369 389 768 769 
370 390 769 770 
371 391 770 771 
372 392 771 772 
373 393 772 773 
374 394 773 774 
375 395 774 775 
376 396 775 776 
377 397 776 777 
378 398 777 778 
379 399 778 779 
380 400 779 780 
1 381 781 800 
2 382 781 782 
3 383 782 783 
4 384 783 784 
5 385 784 785 
6 386 785 786 
7 387 786 787 
8 388 787 788 
9 389 788 789 
10 390 789 790 
11 391 790 791 
12 392 791 792 
13 393 792 793 
14 394 793 794 
15 395 794 795 
16 396 795 796 
17 397 796 797 
18 398 797 798 
19 399 798 799 
20 400 799 800 
