648 324
1 2 325 631 
2 3 326 632 
3 4 327 633 
4 5 328 634 
5 6 329 635 
6 7 330 636 
7 8 331 637 
8 9 332 638 
9 10 333 639 
10 11 334 640 
11 12 335 641 
12 13 336 642 
13 14 337 643 
14 15 338 644 
15 16 339 645 
16 17 340 646 
17 18 341 647 
1 18 342 648 
19 20 325 343 
20 21 326 344 
21 22 327 345 
22 23 328 346 
23 24 329 347 
24 25 330 348 
25 26 331 349 
26 27 332 350 
27 28 333 351 
28 29 334 352 
29 30 335 353 
30 31 336 354 
31 32 337 355 
32 33 338 356 
33 34 339 357 
34 35 340 358 
35 36 341 359 
19 36 342 360 
37 38 343 361 
38 39 344 362 
39 40 345 363 
40 41 346 364 
41 42 347 365 
42 43 348 366 
43 44 349 367 
44 45 350 368 
45 46 351 369 
46 47 352 370 
47 48 353 371 
48 49 354 372 
49 50 355 373 
50 51 356 374 
51 52 357 375 
52 53 358 376 
53 54 359 377 
37 54 360 378 
55 56 361 379 
56 57 362 380 
57 58 363 381 
58 59 364 382 
59 60 365 383 
60 61 366 384 
61 62 367 385 
62 63 368 386 
63 64 369 387 
64 65 370 388 
65 66 371 389 
66 67 372 390 
67 68 373 391 
68 69 374 392 
69 70 375 393 
70 71 376 394 
71 72 377 395 
55 72 378 396 
73 74 379 397 
74 75 380 398 
75 76 381 399 
76 77 382 400 
77 78 383 401 
78 79 384 402 
79 80 385 403 
80 81 386 404 
81 82 387 405 
82 83 388 406 
83 84 389 407 
84 85 390 408 
85 86 391 409 
86 87 392 410 
87 88 393 411 
88 89 394 412 
89 90 395 413 
73 90 396 414 
91 92 397 415 
92 93 398 416 
93 94 399 417 
94 95 400 418 
95 96 401 419 
96 97 402 420 
97 98 403 421 
98 99 404 422 
99 100 405 423 
100 101 406 424 
101 102 407 425 
102 103 408 426 
103 104 409 427 
104 105 410 428 
105 106 411 429 
106 107 412 430 
107 108 413 431 
91 108 414 432 
109 110 415 433 
110 111 416 434 
111 112 417 435 
112 113 418 436 
113 114 419 437 
114 115 420 438 
115 116 421 439 
116 117 422 440 
117 118 423 441 
118 119 424 442 
119 120 425 443 
120 121 426 444 
121 122 427 445 
122 123 428 446 
123 124 429 447 
124 125 430 448 
125 126 431 449 
109 126 432 450 
127 128 433 451 
128 129 434 452 
129 130 435 453 
130 131 436 454 
131 132 437 455 
132 133 438 456 
133 134 439 457 
134 135 440 458 
135 136 441 459 
136 137 442 460 
137 138 443 461 
138 139 444 462 
139 140 445 463 
140 141 446 464 
141 142 447 465 
142 143 448 466 
143 144 449 467 
127 144 450 468 
145 146 451 469 
146 147 452 470 
147 148 453 471 
148 149 454 472 
149 150 455 473 
150 151 456 474 
151 152 457 475 
152 153 458 476 
153 154 459 477 
154 155 460 478 
155 156 461 479 
156 157 462 480 
157 158 463 481 
158 159 464 482 
159 160 465 483 
160 161 466 484 
161 162 467 485 
145 162 468 486 
163 164 469 487 
164 165 470 488 
165 166 471 489 
166 167 472 490 
167 168 473 491 
168 169 474 492 
169 170 475 493 
170 171 476 494 
171 172 477 495 
172 173 478 496 
173 174 479 497 
174 175 480 498 
175 176 481 499 
176 177 482 500 
177 178 483 501 
178 179 484 502 
179 180 485 503 
163 180 486 504 
181 182 487 505 
182 183 488 506 
183 184 489 507 
184 185 490 508 
185 186 491 509 
186 187 492 510 
187 188 493 511 
188 189 494 512 
189 190 495 513 
190 191 496 514 
191 192 497 515 
192 193 498 516 
193 194 499 517 
194 195 500 518 
195 196 501 519 
196 197 502 520 
197 198 503 521 
181 198 504 522 
199 200 505 523 
200 201 506 524 
201 202 507 525 
202 203 508 526 
203 204 509 527 
204 205 510 528 
205 206 511 529 
206 207 512 530 
207 208 513 531 
208 209 514 532 
209 210 515 533 
210 211 516 534 
211 212 517 535 
212 213 518 536 
213 214 519 537 
214 215 520 538 
215 216 521 539 
199 216 522 540 
217 218 523 541 
218 219 524 542 
219 220 525 543 
220 221 526 544 
221 222 527 545 
222 223 528 546 
223 224 529 547 
224 225 530 548 
225 226 531 549 
226 227 532 550 
227 228 533 551 
228 229 534 552 
229 230 535 553 
230 231 536 554 
231 232 537 555 
232 233 538 556 
233 234 539 557 
217 234 540 558 
235 236 541 559 
236 237 542 560 
237 238 543 561 
238 239 544 562 
239 240 545 563 
240 241 546 564 
241 242 547 565 
242 243 548 566 
243 244 549 567 
244 245 550 568 
245 246 551 569 
246 247 552 570 
247 248 553 571 
248 249 554 572 
249 250 555 573 
250 251 556 574 
251 252 557 575 
235 252 558 576 
253 254 559 577 
254 255 560 578 
255 256 561 579 
256 257 562 580 
257 258 563 581 
258 259 564 582 
259 260 565 583 
260 261 566 584 
261 262 567 585 
262 263 568 586 
263 264 569 587 
264 265 570 588 
265 266 571 589 
266 267 572 590 
267 268 573 591 
268 269 574 592 
269 270 575 593 
253 270 576 594 
271 272 577 595 
272 273 578 596 
273 274 579 597 
274 275 580 598 
275 276 581 599 
276 277 582 600 
277 278 583 601 
278 279 584 602 
279 280 585 603 
280 281 586 604 
281 282 587 605 
282 283 588 606 
283 284 589 607 
284 285 590 608 
285 286 591 609 
286 287 592 610 
287 288 593 611 
271 288 594 612 
289 290 595 613 
290 291 596 614 
291 292 597 615 
292 293 598 616 
293 294 599 617 
294 295 600 618 
295 296 601 619 
296 297 602 620 
297 298 603 621 
298 299 604 622 
299 300 605 623 
300 301 606 624 
301 302 607 625 
302 303 608 626 
303 304 609 627 
304 305 610 628 
305 306 611 629 
289 306 612 630 
307 308 613 631 
308 309 614 632 
309 310 615 633 
310 311 616 634 
311 312 617 635 
312 313 618 636 
313 314 619 637 
314 315 620 638 
315 316 621 639 
316 317 622 640 
317 318 623 641 
318 319 624 642 
319 320 625 643 
320 321 626 644 
321 322 627 645 
322 323 628 646 
323 324 629 647 
307 324 630 648 
