288 144
1 2 145 277 
2 3 146 278 
3 4 147 279 
4 5 148 280 
5 6 149 281 
6 7 150 282 
7 8 151 283 
8 9 152 284 
9 10 153 285 
10 11 154 286 
11 12 155 287 
1 12 156 288 
13 14 145 157 
14 15 146 158 
15 16 147 159 
16 17 148 160 
17 18 149 161 
18 19 150 162 
19 20 151 163 
20 21 152 164 
21 22 153 165 
22 23 154 166 
23 24 155 167 
13 24 156 168 
25 26 157 169 
26 27 158 170 
27 28 159 171 
28 29 160 172 
29 30 161 173 
30 31 162 174 
31 32 163 175 
32 33 164 176 
33 34 165 177 
34 35 166 178 
35 36 167 179 
25 36 168 180 
37 38 169 181 
38 39 170 182 
39 40 171 183 
40 41 172 184 
41 42 173 185 
42 43 174 186 
43 44 175 187 
44 45 176 188 
45 46 177 189 
46 47 178 190 
47 48 179 191 
37 48 180 192 
49 50 181 193 
50 51 182 194 
51 52 183 195 
52 53 184 196 
53 54 185 197 
54 55 186 198 
55 56 187 199 
56 57 188 200 
57 58 189 201 
58 59 190 202 
59 60 191 203 
49 60 192 204 
61 62 193 205 
62 63 194 206 
63 64 195 207 
64 65 196 208 
65 66 197 209 
66 67 198 210 
67 68 199 211 
68 69 200 212 
69 70 201 213 
70 71 202 214 
71 72 203 215 
61 72 204 216 
73 74 205 217 
74 75 206 218 
75 76 207 219 
76 77 208 220 
77 78 209 221 
78 79 210 222 
79 80 211 223 
80 81 212 224 
81 82 213 225 
82 83 214 226 
83 84 215 227 
73 84 216 228 
85 86 217 229 
86 87 218 230 
87 88 219 231 
88 89 220 232 
89 90 221 233 
90 91 222 234 
91 92 223 235 
92 93 224 236 
93 94 225 237 
94 95 226 238 
95 96 227 239 
85 96 228 240 
97 98 229 241 
98 99 230 242 
99 100 231 243 
100 101 232 244 
101 102 233 245 
102 103 234 246 
103 104 235 247 
104 105 236 248 
105 106 237 249 
106 107 238 250 
107 108 239 251 
97 108 240 252 
109 110 241 253 
110 111 242 254 
111 112 243 255 
112 113 244 256 
113 114 245 257 
114 115 246 258 
115 116 247 259 
116 117 248 260 
117 118 249 261 
118 119 250 262 
119 120 251 263 
109 120 252 264 
121 122 253 265 
122 123 254 266 
123 124 255 267 
124 125 256 268 
125 126 257 269 
126 127 258 270 
127 128 259 271 
128 129 260 272 
129 130 261 273 
130 131 262 274 
131 132 263 275 
121 132 264 276 
133 134 265 277 
134 135 266 278 
135 136 267 279 
136 137 268 280 
137 138 269 281 
138 139 270 282 
139 140 271 283 
140 141 272 284 
141 142 273 285 
142 143 274 286 
143 144 275 287 
133 144 276 288 
