242 121
1 12 122 132 
2 13 122 123 
3 14 123 124 
4 15 124 125 
5 16 125 126 
6 17 126 127 
7 18 127 128 
8 19 128 129 
9 20 129 130 
10 21 130 131 
11 22 131 132 
12 23 133 143 
13 24 133 134 
14 25 134 135 
15 26 135 136 
16 27 136 137 
17 28 137 138 
18 29 138 139 
19 30 139 140 
20 31 140 141 
21 32 141 142 
22 33 142 143 
23 34 144 154 
24 35 144 145 
25 36 145 146 
26 37 146 147 
27 38 147 148 
28 39 148 149 
29 40 149 150 
30 41 150 151 
31 42 151 152 
32 43 152 153 
33 44 153 154 
34 45 155 165 
35 46 155 156 
36 47 156 157 
37 48 157 158 
38 49 158 159 
39 50 159 160 
40 51 160 161 
41 52 161 162 
42 53 162 163 
43 54 163 164 
44 55 164 165 
45 56 166 176 
46 57 166 167 
47 58 167 168 
48 59 168 169 
49 60 169 170 
50 61 170 171 
51 62 171 172 
52 63 172 173 
53 64 173 174 
54 65 174 175 
55 66 175 176 
56 67 177 187 
57 68 177 178 
58 69 178 179 
59 70 179 180 
60 71 180 181 
61 72 181 182 
62 73 182 183 
63 74 183 184 
64 75 184 185 
65 76 185 186 
66 77 186 187 
67 78 188 198 
68 79 188 189 
69 80 189 190 
70 81 190 191 
71 82 191 192 
72 83 192 193 
73 84 193 194 
74 85 194 195 
75 86 195 196 
76 87 196 197 
77 88 197 198 
78 89 199 209 
79 90 199 200 
80 91 200 201 
81 92 201 202 
82 93 202 203 
83 94 203 204 
84 95 204 205 
85 96 205 206 
86 97 206 207 
87 98 207 208 
88 99 208 209 
89 100 210 220 
90 101 210 211 
91 102 211 212 
92 103 212 213 
93 104 213 214 
94 105 214 215 
95 106 215 216 
96 107 216 217 
97 108 217 218 
98 109 218 219 
99 110 219 220 
100 111 221 231 
101 112 221 222 
102 113 222 223 
103 114 223 224 
104 115 224 225 
105 116 225 226 
106 117 226 227 
107 118 227 228 
108 119 228 229 
109 120 229 230 
110 121 230 231 
1 111 232 242 
2 112 232 233 
3 113 233 234 
4 114 234 235 
5 115 235 236 
6 116 236 237 
7 117 237 238 
8 118 238 239 
9 119 239 240 
10 120 240 241 
11 121 241 242 
