392 196
1 2 197 379 
2 3 198 380 
3 4 199 381 
4 5 200 382 
5 6 201 383 
6 7 202 384 
7 8 203 385 
8 9 204 386 
9 10 205 387 
10 11 206 388 
11 12 207 389 
12 13 208 390 
13 14 209 391 
1 14 210 392 
15 16 197 211 
16 17 198 212 
17 18 199 213 
18 19 200 214 
19 20 201 215 
20 21 202 216 
21 22 203 217 
22 23 204 218 
23 24 205 219 
24 25 206 220 
25 26 207 221 
26 27 208 222 
27 28 209 223 
15 28 210 224 
29 30 211 225 
30 31 212 226 
31 32 213 227 
32 33 214 228 
33 34 215 229 
34 35 216 230 
35 36 217 231 
36 37 218 232 
37 38 219 233 
38 39 220 234 
39 40 221 235 
40 41 222 236 
41 42 223 237 
29 42 224 238 
43 44 225 239 
44 45 226 240 
45 46 227 241 
46 47 228 242 
47 48 229 243 
48 49 230 244 
49 50 231 245 
50 51 232 246 
51 52 233 247 
52 53 234 248 
53 54 235 249 
54 55 236 250 
55 56 237 251 
43 56 238 252 
57 58 239 253 
58 59 240 254 
59 60 241 255 
60 61 242 256 
61 62 243 257 
62 63 244 258 
63 64 245 259 
64 65 246 260 
65 66 247 261 
66 67 248 262 
67 68 249 263 
68 69 250 264 
69 70 251 265 
57 70 252 266 
71 72 253 267 
72 73 254 268 
73 74 255 269 
74 75 256 270 
75 76 257 271 
76 77 258 272 
77 78 259 273 
78 79 260 274 
79 80 261 275 
80 81 262 276 
81 82 263 277 
82 83 264 278 
83 84 265 279 
71 84 266 280 
85 86 267 281 
86 87 268 282 
87 88 269 283 
88 89 270 284 
89 90 271 285 
90 91 272 286 
91 92 273 287 
92 93 274 288 
93 94 275 289 
94 95 276 290 
95 96 277 291 
96 97 278 292 
97 98 279 293 
85 98 280 294 
99 100 281 295 
100 101 282 296 
101 102 283 297 
102 103 284 298 
103 104 285 299 
104 105 286 300 
105 106 287 301 
106 107 288 302 
107 108 289 303 
108 109 290 304 
109 110 291 305 
110 111 292 306 
111 112 293 307 
99 112 294 308 
113 114 295 309 
114 115 296 310 
115 116 297 311 
116 117 298 312 
117 118 299 313 
118 119 300 314 
119 120 301 315 
120 121 302 316 
121 122 303 317 
122 123 304 318 
123 124 305 319 
124 125 306 320 
125 126 307 321 
113 126 308 322 
127 128 309 323 
128 129 310 324 
129 130 311 325 
130 131 312 326 
131 132 313 327 
132 133 314 328 
133 134 315 329 
134 135 316 330 
135 136 317 331 
136 137 318 332 
137 138 319 333 
138 139 320 334 
139 140 321 335 
127 140 322 336 
141 142 323 337 
142 143 324 338 
143 144 325 339 
144 145 326 340 
145 146 327 341 
146 147 328 342 
147 148 329 343 
148 149 330 344 
149 150 331 345 
150 151 332 346 
151 152 333 347 
152 153 334 348 
153 154 335 349 
141 154 336 350 
155 156 337 351 
156 157 338 352 
157 158 339 353 
158 159 340 354 
159 160 341 355 
160 161 342 356 
161 162 343 357 
162 163 344 358 
163 164 345 359 
164 165 346 360 
165 166 347 361 
166 167 348 362 
167 168 349 363 
155 168 350 364 
169 170 351 365 
170 171 352 366 
171 172 353 367 
172 173 354 368 
173 174 355 369 
174 175 356 370 
175 176 357 371 
176 177 358 372 
177 178 359 373 
178 179 360 374 
179 180 361 375 
180 181 362 376 
181 182 363 377 
169 182 364 378 
183 184 365 379 
184 185 366 380 
185 186 367 381 
186 187 368 382 
187 188 369 383 
188 189 370 384 
189 190 371 385 
190 191 372 386 
191 192 373 387 
192 193 374 388 
193 194 375 389 
194 195 376 390 
195 196 377 391 
183 196 378 392 
