722 361
1 20 362 380 
2 21 362 363 
3 22 363 364 
4 23 364 365 
5 24 365 366 
6 25 366 367 
7 26 367 368 
8 27 368 369 
9 28 369 370 
10 29 370 371 
11 30 371 372 
12 31 372 373 
13 32 373 374 
14 33 374 375 
15 34 375 376 
16 35 376 377 
17 36 377 378 
18 37 378 379 
19 38 379 380 
20 39 381 399 
21 40 381 382 
22 41 382 383 
23 42 383 384 
24 43 384 385 
25 44 385 386 
26 45 386 387 
27 46 387 388 
28 47 388 389 
29 48 389 390 
30 49 390 391 
31 50 391 392 
32 51 392 393 
33 52 393 394 
34 53 394 395 
35 54 395 396 
36 55 396 397 
37 56 397 398 
38 57 398 399 
39 58 400 418 
40 59 400 401 
41 60 401 402 
42 61 402 403 
43 62 403 404 
44 63 404 405 
45 64 405 406 
46 65 406 407 
47 66 407 408 
48 67 408 409 
49 68 409 410 
50 69 410 411 
51 70 411 412 
52 71 412 413 
53 72 413 414 
54 73 414 415 
55 74 415 416 
56 75 416 417 
57 76 417 418 
58 77 419 437 
59 78 419 420 
60 79 420 421 
61 80 421 422 
62 81 422 423 
63 82 423 424 
64 83 424 425 
65 84 425 426 
66 85 426 427 
67 86 427 428 
68 87 428 429 
69 88 429 430 
70 89 430 431 
71 90 431 432 
72 91 432 433 
73 92 433 434 
74 93 434 435 
75 94 435 436 
76 95 436 437 
77 96 438 456 
78 97 438 439 
79 98 439 440 
80 99 440 441 
81 100 441 442 
82 101 442 443 
83 102 443 444 
84 103 444 445 
85 104 445 446 
86 105 446 447 
87 106 447 448 
88 107 448 449 
89 108 449 450 
90 109 450 451 
91 110 451 452 
92 111 452 453 
93 112 453 454 
94 113 454 455 
95 114 455 456 
96 115 457 475 
97 116 457 458 
98 117 458 459 
99 118 459 460 
100 119 460 461 
101 120 461 462 
102 121 462 463 
103 122 463 464 
104 123 464 465 
105 124 465 466 
106 125 466 467 
107 126 467 468 
108 127 468 469 
109 128 469 470 
110 129 470 471 
111 130 471 472 
112 131 472 473 
113 132 473 474 
114 133 474 475 
115 134 476 494 
116 135 476 477 
117 136 477 478 
118 137 478 479 
119 138 479 480 
120 139 480 481 
121 140 481 482 
122 141 482 483 
123 142 483 484 
124 143 484 485 
125 144 485 486 
126 145 486 487 
127 146 487 488 
128 147 488 489 
129 148 489 490 
130 149 490 491 
131 150 491 492 
132 151 492 493 
133 152 493 494 
134 153 495 513 
135 154 495 496 
136 155 496 497 
137 156 497 498 
138 157 498 499 
139 158 499 500 
140 159 500 501 
141 160 501 502 
142 161 502 503 
143 162 503 504 
144 163 504 505 
145 164 505 506 
146 165 506 507 
147 166 507 508 
148 167 508 509 
149 168 509 510 
150 169 510 511 
151 170 511 512 
152 171 512 513 
153 172 514 532 
154 173 514 515 
155 174 515 516 
156 175 516 517 
157 176 517 518 
158 177 518 519 
159 178 519 520 
160 179 520 521 
161 180 521 522 
162 181 522 523 
163 182 523 524 
164 183 524 525 
165 184 525 526 
166 185 526 527 
167 186 527 528 
168 187 528 529 
169 188 529 530 
170 189 530 531 
171 190 531 532 
172 191 533 551 
173 192 533 534 
174 193 534 535 
175 194 535 536 
176 195 536 537 
177 196 537 538 
178 197 538 539 
179 198 539 540 
180 199 540 541 
181 200 541 542 
182 201 542 543 
183 202 543 544 
184 203 544 545 
185 204 545 546 
186 205 546 547 
187 206 547 548 
188 207 548 549 
189 208 549 550 
190 209 550 551 
191 210 552 570 
192 211 552 553 
193 212 553 554 
194 213 554 555 
195 214 555 556 
196 215 556 557 
197 216 557 558 
198 217 558 559 
199 218 559 560 
200 219 560 561 
201 220 561 562 
202 221 562 563 
203 222 563 564 
204 223 564 565 
205 224 565 566 
206 225 566 567 
207 226 567 568 
208 227 568 569 
209 228 569 570 
210 229 571 589 
211 230 571 572 
212 231 572 573 
213 232 573 574 
214 233 574 575 
215 234 575 576 
216 235 576 577 
217 236 577 578 
218 237 578 579 
219 238 579 580 
220 239 580 581 
221 240 581 582 
222 241 582 583 
223 242 583 584 
224 243 584 585 
225 244 585 586 
226 245 586 587 
227 246 587 588 
228 247 588 589 
229 248 590 608 
230 249 590 591 
231 250 591 592 
232 251 592 593 
233 252 593 594 
234 253 594 595 
235 254 595 596 
236 255 596 597 
237 256 597 598 
238 257 598 599 
239 258 599 600 
240 259 600 601 
241 260 601 602 
242 261 602 603 
243 262 603 604 
244 263 604 605 
245 264 605 606 
246 265 606 607 
247 266 607 608 
248 267 609 627 
249 268 609 610 
250 269 610 611 
251 270 611 612 
252 271 612 613 
253 272 613 614 
254 273 614 615 
255 274 615 616 
256 275 616 617 
257 276 617 618 
258 277 618 619 
259 278 619 620 
260 279 620 621 
261 280 621 622 
262 281 622 623 
263 282 623 624 
264 283 624 625 
265 284 625 626 
266 285 626 627 
267 286 628 646 
268 287 628 629 
269 288 629 630 
270 289 630 631 
271 290 631 632 
272 291 632 633 
273 292 633 634 
274 293 634 635 
275 294 635 636 
276 295 636 637 
277 296 637 638 
278 297 638 639 
279 298 639 640 
280 299 640 641 
281 300 641 642 
282 301 642 643 
283 302 643 644 
284 303 644 645 
285 304 645 646 
286 305 647 665 
287 306 647 648 
288 307 648 649 
289 308 649 650 
290 309 650 651 
291 310 651 652 
292 311 652 653 
293 312 653 654 
294 313 654 655 
295 314 655 656 
296 315 656 657 
297 316 657 658 
298 317 658 659 
299 318 659 660 
300 319 660 661 
301 320 661 662 
302 321 662 663 
303 322 663 664 
304 323 664 665 
305 324 666 684 
306 325 666 667 
307 326 667 668 
308 327 668 669 
309 328 669 670 
310 329 670 671 
311 330 671 672 
312 331 672 673 
313 332 673 674 
314 333 674 675 
315 334 675 676 
316 335 676 677 
317 336 677 678 
318 337 678 679 
319 338 679 680 
320 339 680 681 
321 340 681 682 
322 341 682 683 
323 342 683 684 
324 343 685 703 
325 344 685 686 
326 345 686 687 
327 346 687 688 
328 347 688 689 
329 348 689 690 
330 349 690 691 
331 350 691 692 
332 351 692 693 
333 352 693 694 
334 353 694 695 
335 354 695 696 
336 355 696 697 
337 356 697 698 
338 357 698 699 
339 358 699 700 
340 359 700 701 
341 360 701 702 
342 361 702 703 
1 343 704 722 
2 344 704 705 
3 345 705 706 
4 346 706 707 
5 347 707 708 
6 348 708 709 
7 349 709 710 
8 350 710 711 
9 351 711 712 
10 352 712 713 
11 353 713 714 
12 354 714 715 
13 355 715 716 
14 356 716 717 
15 357 717 718 
16 358 718 719 
17 359 719 720 
18 360 720 721 
19 361 721 722 
