800 400
1 2 401 781 
2 3 402 782 
3 4 403 783 
4 5 404 784 
5 6 405 785 
6 7 406 786 
7 8 407 787 
8 9 408 788 
9 10 409 789 
10 11 410 790 
11 12 411 791 
12 13 412 792 
13 14 413 793 
14 15 414 794 
15 16 415 795 
16 17 416 796 
17 18 417 797 
18 19 418 798 
19 20 419 799 
1 20 420 800 
21 22 401 421 
22 23 402 422 
23 24 403 423 
24 25 404 424 
25 26 405 425 
26 27 406 426 
27 28 407 427 
28 29 408 428 
29 30 409 429 
30 31 410 430 
31 32 411 431 
32 33 412 432 
33 34 413 433 
34 35 414 434 
35 36 415 435 
36 37 416 436 
37 38 417 437 
38 39 418 438 
39 40 419 439 
21 40 420 440 
41 42 421 441 
42 43 422 442 
43 44 423 443 
44 45 424 444 
45 46 425 445 
46 47 426 446 
47 48 427 447 
48 49 428 448 
49 50 429 449 
50 51 430 450 
51 52 431 451 
52 53 432 452 
53 54 433 453 
54 55 434 454 
55 56 435 455 
56 57 436 456 
57 58 437 457 
58 59 438 458 
59 60 439 459 
41 60 440 460 
61 62 441 461 
62 63 442 462 
63 64 443 463 
64 65 444 464 
65 66 445 465 
66 67 446 466 
67 68 447 467 
68 69 448 468 
69 70 449 469 
70 71 450 470 
71 72 451 471 
72 73 452 472 
73 74 453 473 
74 75 454 474 
75 76 455 475 
76 77 456 476 
77 78 457 477 
78 79 458 478 
79 80 459 479 
61 80 460 480 
81 82 461 481 
82 83 462 482 
83 84 463 483 
84 85 464 484 
85 86 465 485 
86 87 466 486 
87 88 467 487 
88 89 468 488 
89 90 469 489 
90 91 470 490 
91 92 471 491 
92 93 472 492 
93 94 473 493 
94 95 474 494 
95 96 475 495 
96 97 476 496 
97 98 477 497 
98 99 478 498 
99 100 479 499 
81 100 480 500 
101 102 481 501 
102 103 482 502 
103 104 483 503 
104 105 484 504 
105 106 485 505 
106 107 486 506 
107 108 487 507 
108 109 488 508 
109 110 489 509 
110 111 490 510 
111 112 491 511 
112 113 492 512 
113 114 493 513 
114 115 494 514 
115 116 495 515 
116 117 496 516 
117 118 497 517 
118 119 498 518 
119 120 499 519 
101 120 500 520 
121 122 501 521 
122 123 502 522 
123 124 503 523 
124 125 504 524 
125 126 505 525 
126 127 506 526 
127 128 507 527 
128 129 508 528 
129 130 509 529 
130 131 510 530 
131 132 511 531 
132 133 512 532 
133 134 513 533 
134 135 514 534 
135 136 515 535 
136 137 516 536 
137 138 517 537 
138 139 518 538 
139 140 519 539 
121 140 520 540 
141 142 521 541 
142 143 522 542 
143 144 523 543 
144 145 524 544 
145 146 525 545 
146 147 526 546 
147 148 527 547 
148 149 528 548 
149 150 529 549 
150 151 530 550 
151 152 531 551 
152 153 532 552 
153 154 533 553 
154 155 534 554 
155 156 535 555 
156 157 536 556 
157 158 537 557 
158 159 538 558 
159 160 539 559 
141 160 540 560 
161 162 541 561 
162 163 542 562 
163 164 543 563 
164 165 544 564 
165 166 545 565 
166 167 546 566 
167 168 547 567 
168 169 548 568 
169 170 549 569 
170 171 550 570 
171 172 551 571 
172 173 552 572 
173 174 553 573 
174 175 554 574 
175 176 555 575 
176 177 556 576 
177 178 557 577 
178 179 558 578 
179 180 559 579 
161 180 560 580 
181 182 561 581 
182 183 562 582 
183 184 563 583 
184 185 564 584 
185 186 565 585 
186 187 566 586 
187 188 567 587 
188 189 568 588 
189 190 569 589 
190 191 570 590 
191 192 571 591 
192 193 572 592 
193 194 573 593 
194 195 574 594 
195 196 575 595 
196 197 576 596 
197 198 577 597 
198 199 578 598 
199 200 579 599 
181 200 580 600 
201 202 581 601 
202 203 582 602 
203 204 583 603 
204 205 584 604 
205 206 585 605 
206 207 586 606 
207 208 587 607 
208 209 588 608 
209 210 589 609 
210 211 590 610 
211 212 591 611 
212 213 592 612 
213 214 593 613 
214 215 594 614 
215 216 595 615 
216 217 596 616 
217 218 597 617 
218 219 598 618 
219 220 599 619 
201 220 600 620 
221 222 601 621 
222 223 602 622 
223 224 603 623 
224 225 604 624 
225 226 605 625 
226 227 606 626 
227 228 607 627 
228 229 608 628 
229 230 609 629 
230 231 610 630 
231 232 611 631 
232 233 612 632 
233 234 613 633 
234 235 614 634 
235 236 615 635 
236 237 616 636 
237 238 617 637 
238 239 618 638 
239 240 619 639 
221 240 620 640 
241 242 621 641 
242 243 622 642 
243 244 623 643 
244 245 624 644 
245 246 625 645 
246 247 626 646 
247 248 627 647 
248 249 628 648 
249 250 629 649 
250 251 630 650 
251 252 631 651 
252 253 632 652 
253 254 633 653 
254 255 634 654 
255 256 635 655 
256 257 636 656 
257 258 637 657 
258 259 638 658 
259 260 639 659 
241 260 640 660 
261 262 641 661 
262 263 642 662 
263 264 643 663 
264 265 644 664 
265 266 645 665 
266 267 646 666 
267 268 647 667 
268 269 648 668 
269 270 649 669 
270 271 650 670 
271 272 651 671 
272 273 652 672 
273 274 653 673 
274 275 654 674 
275 276 655 675 
276 277 656 676 
277 278 657 677 
278 279 658 678 
279 280 659 679 
261 280 660 680 
281 282 661 681 
282 283 662 682 
283 284 663 683 
284 285 664 684 
285 286 665 685 
286 287 666 686 
287 288 667 687 
288 289 668 688 
289 290 669 689 
290 291 670 690 
291 292 671 691 
292 293 672 692 
293 294 673 693 
294 295 674 694 
295 296 675 695 
296 297 676 696 
297 298 677 697 
298 299 678 698 
299 300 679 699 
281 300 680 700 
301 302 681 701 
302 303 682 702 
303 304 683 703 
304 305 684 704 
305 306 685 705 
306 307 686 706 
307 308 687 707 
308 309 688 708 
309 310 689 709 
310 311 690 710 
311 312 691 711 
312 313 692 712 
313 314 693 713 
314 315 694 714 
315 316 695 715 
316 317 696 716 
317 318 697 717 
318 319 698 718 
319 320 699 719 
301 320 700 720 
321 322 701 721 
322 323 702 722 
323 324 703 723 
324 325 704 724 
325 326 705 725 
326 327 706 726 
327 328 707 727 
328 329 708 728 
329 330 709 729 
330 331 710 730 
331 332 711 731 
332 333 712 732 
333 334 713 733 
334 335 714 734 
335 336 715 735 
336 337 716 736 
337 338 717 737 
338 339 718 738 
339 340 719 739 
321 340 720 740 
341 342 721 741 
342 343 722 742 
343 344 723 743 
344 345 724 744 
345 346 725 745 
346 347 726 746 
347 348 727 747 
348 349 728 748 
349 350 729 749 
350 351 730 750 
351 352 731 751 
352 353 732 752 
353 354 733 753 
354 355 734 754 
355 356 735 755 
356 357 736 756 
357 358 737 757 
358 359 738 758 
359 360 739 759 
341 360 740 760 
361 362 741 761 
362 363 742 762 
363 364 743 763 
364 365 744 764 
365 366 745 765 
366 367 746 766 
367 368 747 767 
368 369 748 768 
369 370 749 769 
370 371 750 770 
371 372 751 771 
372 373 752 772 
373 374 753 773 
374 375 754 774 
375 376 755 775 
376 377 756 776 
377 378 757 777 
378 379 758 778 
379 380 759 779 
361 380 760 780 
381 382 761 781 
382 383 762 782 
383 384 763 783 
384 385 764 784 
385 386 765 785 
386 387 766 786 
387 388 767 787 
388 389 768 788 
389 390 769 789 
390 391 770 790 
391 392 771 791 
392 393 772 792 
393 394 773 793 
394 395 774 794 
395 396 775 795 
396 397 776 796 
397 398 777 797 
398 399 778 798 
399 400 779 799 
381 400 780 800 
