392 196
1 15 197 210 
2 16 197 198 
3 17 198 199 
4 18 199 200 
5 19 200 201 
6 20 201 202 
7 21 202 203 
8 22 203 204 
9 23 204 205 
10 24 205 206 
11 25 206 207 
12 26 207 208 
13 27 208 209 
14 28 209 210 
15 29 211 224 
16 30 211 212 
17 31 212 213 
18 32 213 214 
19 33 214 215 
20 34 215 216 
21 35 216 217 
22 36 217 218 
23 37 218 219 
24 38 219 220 
25 39 220 221 
26 40 221 222 
27 41 222 223 
28 42 223 224 
29 43 225 238 
30 44 225 226 
31 45 226 227 
32 46 227 228 
33 47 228 229 
34 48 229 230 
35 49 230 231 
36 50 231 232 
37 51 232 233 
38 52 233 234 
39 53 234 235 
40 54 235 236 
41 55 236 237 
42 56 237 238 
43 57 239 252 
44 58 239 240 
45 59 240 241 
46 60 241 242 
47 61 242 243 
48 62 243 244 
49 63 244 245 
50 64 245 246 
51 65 246 247 
52 66 247 248 
53 67 248 249 
54 68 249 250 
55 69 250 251 
56 70 251 252 
57 71 253 266 
58 72 253 254 
59 73 254 255 
60 74 255 256 
61 75 256 257 
62 76 257 258 
63 77 258 259 
64 78 259 260 
65 79 260 261 
66 80 261 262 
67 81 262 263 
68 82 263 264 
69 83 264 265 
70 84 265 266 
71 85 267 280 
72 86 267 268 
73 87 268 269 
74 88 269 270 
75 89 270 271 
76 90 271 272 
77 91 272 273 
78 92 273 274 
79 93 274 275 
80 94 275 276 
81 95 276 277 
82 96 277 278 
83 97 278 279 
84 98 279 280 
85 99 281 294 
86 100 281 282 
87 101 282 283 
88 102 283 284 
89 103 284 285 
90 104 285 286 
91 105 286 287 
92 106 287 288 
93 107 288 289 
94 108 289 290 
95 109 290 291 
96 110 291 292 
97 111 292 293 
98 112 293 294 
99 113 295 308 
100 114 295 296 
101 115 296 297 
102 116 297 298 
103 117 298 299 
104 118 299 300 
105 119 300 301 
106 120 301 302 
107 121 302 303 
108 122 303 304 
109 123 304 305 
110 124 305 306 
111 125 306 307 
112 126 307 308 
113 127 309 322 
114 128 309 310 
115 129 310 311 
116 130 311 312 
117 131 312 313 
118 132 313 314 
119 133 314 315 
120 134 315 316 
121 135 316 317 
122 136 317 318 
123 137 318 319 
124 138 319 320 
125 139 320 321 
126 140 321 322 
127 141 323 336 
128 142 323 324 
129 143 324 325 
130 144 325 326 
131 145 326 327 
132 146 327 328 
133 147 328 329 
134 148 329 330 
135 149 330 331 
136 150 331 332 
137 151 332 333 
138 152 333 334 
139 153 334 335 
140 154 335 336 
141 155 337 350 
142 156 337 338 
143 157 338 339 
144 158 339 340 
145 159 340 341 
146 160 341 342 
147 161 342 343 
148 162 343 344 
149 163 344 345 
150 164 345 346 
151 165 346 347 
152 166 347 348 
153 167 348 349 
154 168 349 350 
155 169 351 364 
156 170 351 352 
157 171 352 353 
158 172 353 354 
159 173 354 355 
160 174 355 356 
161 175 356 357 
162 176 357 358 
163 177 358 359 
164 178 359 360 
165 179 360 361 
166 180 361 362 
167 181 362 363 
168 182 363 364 
169 183 365 378 
170 184 365 366 
171 185 366 367 
172 186 367 368 
173 187 368 369 
174 188 369 370 
175 189 370 371 
176 190 371 372 
177 191 372 373 
178 192 373 374 
179 193 374 375 
180 194 375 376 
181 195 376 377 
182 196 377 378 
1 183 379 392 
2 184 379 380 
3 185 380 381 
4 186 381 382 
5 187 382 383 
6 188 383 384 
7 189 384 385 
8 190 385 386 
9 191 386 387 
10 192 387 388 
11 193 388 389 
12 194 389 390 
13 195 390 391 
14 196 391 392 
