200 100
1 11 101 110 
2 12 101 102 
3 13 102 103 
4 14 103 104 
5 15 104 105 
6 16 105 106 
7 17 106 107 
8 18 107 108 
9 19 108 109 
10 20 109 110 
11 21 111 120 
12 22 111 112 
13 23 112 113 
14 24 113 114 
15 25 114 115 
16 26 115 116 
17 27 116 117 
18 28 117 118 
19 29 118 119 
20 30 119 120 
21 31 121 130 
22 32 121 122 
23 33 122 123 
24 34 123 124 
25 35 124 125 
26 36 125 126 
27 37 126 127 
28 38 127 128 
29 39 128 129 
30 40 129 130 
31 41 131 140 
32 42 131 132 
33 43 132 133 
34 44 133 134 
35 45 134 135 
36 46 135 136 
37 47 136 137 
38 48 137 138 
39 49 138 139 
40 50 139 140 
41 51 141 150 
42 52 141 142 
43 53 142 143 
44 54 143 144 
45 55 144 145 
46 56 145 146 
47 57 146 147 
48 58 147 148 
49 59 148 149 
50 60 149 150 
51 61 151 160 
52 62 151 152 
53 63 152 153 
54 64 153 154 
55 65 154 155 
56 66 155 156 
57 67 156 157 
58 68 157 158 
59 69 158 159 
60 70 159 160 
61 71 161 170 
62 72 161 162 
63 73 162 163 
64 74 163 164 
65 75 164 165 
66 76 165 166 
67 77 166 167 
68 78 167 168 
69 79 168 169 
70 80 169 170 
71 81 171 180 
72 82 171 172 
73 83 172 173 
74 84 173 174 
75 85 174 175 
76 86 175 176 
77 87 176 177 
78 88 177 178 
79 89 178 179 
80 90 179 180 
81 91 181 190 
82 92 181 182 
83 93 182 183 
84 94 183 184 
85 95 184 185 
86 96 185 186 
87 97 186 187 
88 98 187 188 
89 99 188 189 
90 100 189 190 
1 91 191 200 
2 92 191 192 
3 93 192 193 
4 94 193 194 
5 95 194 195 
6 96 195 196 
7 97 196 197 
8 98 197 198 
9 99 198 199 
10 100 199 200 
