162 81
1 10 82 90 
2 11 82 83 
3 12 83 84 
4 13 84 85 
5 14 85 86 
6 15 86 87 
7 16 87 88 
8 17 88 89 
9 18 89 90 
10 19 91 99 
11 20 91 92 
12 21 92 93 
13 22 93 94 
14 23 94 95 
15 24 95 96 
16 25 96 97 
17 26 97 98 
18 27 98 99 
19 28 100 108 
20 29 100 101 
21 30 101 102 
22 31 102 103 
23 32 103 104 
24 33 104 105 
25 34 105 106 
26 35 106 107 
27 36 107 108 
28 37 109 117 
29 38 109 110 
30 39 110 111 
31 40 111 112 
32 41 112 113 
33 42 113 114 
34 43 114 115 
35 44 115 116 
36 45 116 117 
37 46 118 126 
38 47 118 119 
39 48 119 120 
40 49 120 121 
41 50 121 122 
42 51 122 123 
43 52 123 124 
44 53 124 125 
45 54 125 126 
46 55 127 135 
47 56 127 128 
48 57 128 129 
49 58 129 130 
50 59 130 131 
51 60 131 132 
52 61 132 133 
53 62 133 134 
54 63 134 135 
55 64 136 144 
56 65 136 137 
57 66 137 138 
58 67 138 139 
59 68 139 140 
60 69 140 141 
61 70 141 142 
62 71 142 143 
63 72 143 144 
64 73 145 153 
65 74 145 146 
66 75 146 147 
67 76 147 148 
68 77 148 149 
69 78 149 150 
70 79 150 151 
71 80 151 152 
72 81 152 153 
1 73 154 162 
2 74 154 155 
3 75 155 156 
4 76 156 157 
5 77 157 158 
6 78 158 159 
7 79 159 160 
8 80 160 161 
9 81 161 162 
