98 49
1 2 50 92 
2 3 51 93 
3 4 52 94 
4 5 53 95 
5 6 54 96 
6 7 55 97 
1 7 56 98 
8 9 50 57 
9 10 51 58 
10 11 52 59 
11 12 53 60 
12 13 54 61 
13 14 55 62 
8 14 56 63 
15 16 57 64 
16 17 58 65 
17 18 59 66 
18 19 60 67 
19 20 61 68 
20 21 62 69 
15 21 63 70 
22 23 64 71 
23 24 65 72 
24 25 66 73 
25 26 67 74 
26 27 68 75 
27 28 69 76 
22 28 70 77 
29 30 71 78 
30 31 72 79 
31 32 73 80 
32 33 74 81 
33 34 75 82 
34 35 76 83 
29 35 77 84 
36 37 78 85 
37 38 79 86 
38 39 80 87 
39 40 81 88 
40 41 82 89 
41 42 83 90 
36 42 84 91 
43 44 85 92 
44 45 86 93 
45 46 87 94 
46 47 88 95 
47 48 89 96 
48 49 90 97 
43 49 91 98 
