648 324
1 19 325 342 
2 20 325 326 
3 21 326 327 
4 22 327 328 
5 23 328 329 
6 24 329 330 
7 25 330 331 
8 26 331 332 
9 27 332 333 
10 28 333 334 
11 29 334 335 
12 30 335 336 
13 31 336 337 
14 32 337 338 
15 33 338 339 
16 34 339 340 
17 35 340 341 
18 36 341 342 
19 37 343 360 
20 38 343 344 
21 39 344 345 
22 40 345 346 
23 41 346 347 
24 42 347 348 
25 43 348 349 
26 44 349 350 
27 45 350 351 
28 46 351 352 
29 47 352 353 
30 48 353 354 
31 49 354 355 
32 50 355 356 
33 51 356 357 
34 52 357 358 
35 53 358 359 
36 54 359 360 
37 55 361 378 
38 56 361 362 
39 57 362 363 
40 58 363 364 
41 59 364 365 
42 60 365 366 
43 61 366 367 
44 62 367 368 
45 63 368 369 
46 64 369 370 
47 65 370 371 
48 66 371 372 
49 67 372 373 
50 68 373 374 
51 69 374 375 
52 70 375 376 
53 71 376 377 
54 72 377 378 
55 73 379 396 
56 74 379 380 
57 75 380 381 
58 76 381 382 
59 77 382 383 
60 78 383 384 
61 79 384 385 
62 80 385 386 
63 81 386 387 
64 82 387 388 
65 83 388 389 
66 84 389 390 
67 85 390 391 
68 86 391 392 
69 87 392 393 
70 88 393 394 
71 89 394 395 
72 90 395 396 
73 91 397 414 
74 92 397 398 
75 93 398 399 
76 94 399 400 
77 95 400 401 
78 96 401 402 
79 97 402 403 
80 98 403 404 
81 99 404 405 
82 100 405 406 
83 101 406 407 
84 102 407 408 
85 103 408 409 
86 104 409 410 
87 105 410 411 
88 106 411 412 
89 107 412 413 
90 108 413 414 
91 109 415 432 
92 110 415 416 
93 111 416 417 
94 112 417 418 
95 113 418 419 
96 114 419 420 
97 115 420 421 
98 116 421 422 
99 117 422 423 
100 118 423 424 
101 119 424 425 
102 120 425 426 
103 121 426 427 
104 122 427 428 
105 123 428 429 
106 124 429 430 
107 125 430 431 
108 126 431 432 
109 127 433 450 
110 128 433 434 
111 129 434 435 
112 130 435 436 
113 131 436 437 
114 132 437 438 
115 133 438 439 
116 134 439 440 
117 135 440 441 
118 136 441 442 
119 137 442 443 
120 138 443 444 
121 139 444 445 
122 140 445 446 
123 141 446 447 
124 142 447 448 
125 143 448 449 
126 144 449 450 
127 145 451 468 
128 146 451 452 
129 147 452 453 
130 148 453 454 
131 149 454 455 
132 150 455 456 
133 151 456 457 
134 152 457 458 
135 153 458 459 
136 154 459 460 
137 155 460 461 
138 156 461 462 
139 157 462 463 
140 158 463 464 
141 159 464 465 
142 160 465 466 
143 161 466 467 
144 162 467 468 
145 163 469 486 
146 164 469 470 
147 165 470 471 
148 166 471 472 
149 167 472 473 
150 168 473 474 
151 169 474 475 
152 170 475 476 
153 171 476 477 
154 172 477 478 
155 173 478 479 
156 174 479 480 
157 175 480 481 
158 176 481 482 
159 177 482 483 
160 178 483 484 
161 179 484 485 
162 180 485 486 
163 181 487 504 
164 182 487 488 
165 183 488 489 
166 184 489 490 
167 185 490 491 
168 186 491 492 
169 187 492 493 
170 188 493 494 
171 189 494 495 
172 190 495 496 
173 191 496 497 
174 192 497 498 
175 193 498 499 
176 194 499 500 
177 195 500 501 
178 196 501 502 
179 197 502 503 
180 198 503 504 
181 199 505 522 
182 200 505 506 
183 201 506 507 
184 202 507 508 
185 203 508 509 
186 204 509 510 
187 205 510 511 
188 206 511 512 
189 207 512 513 
190 208 513 514 
191 209 514 515 
192 210 515 516 
193 211 516 517 
194 212 517 518 
195 213 518 519 
196 214 519 520 
197 215 520 521 
198 216 521 522 
199 217 523 540 
200 218 523 524 
201 219 524 525 
202 220 525 526 
203 221 526 527 
204 222 527 528 
205 223 528 529 
206 224 529 530 
207 225 530 531 
208 226 531 532 
209 227 532 533 
210 228 533 534 
211 229 534 535 
212 230 535 536 
213 231 536 537 
214 232 537 538 
215 233 538 539 
216 234 539 540 
217 235 541 558 
218 236 541 542 
219 237 542 543 
220 238 543 544 
221 239 544 545 
222 240 545 546 
223 241 546 547 
224 242 547 548 
225 243 548 549 
226 244 549 550 
227 245 550 551 
228 246 551 552 
229 247 552 553 
230 248 553 554 
231 249 554 555 
232 250 555 556 
233 251 556 557 
234 252 557 558 
235 253 559 576 
236 254 559 560 
237 255 560 561 
238 256 561 562 
239 257 562 563 
240 258 563 564 
241 259 564 565 
242 260 565 566 
243 261 566 567 
244 262 567 568 
245 263 568 569 
246 264 569 570 
247 265 570 571 
248 266 571 572 
249 267 572 573 
250 268 573 574 
251 269 574 575 
252 270 575 576 
253 271 577 594 
254 272 577 578 
255 273 578 579 
256 274 579 580 
257 275 580 581 
258 276 581 582 
259 277 582 583 
260 278 583 584 
261 279 584 585 
262 280 585 586 
263 281 586 587 
264 282 587 588 
265 283 588 589 
266 284 589 590 
267 285 590 591 
268 286 591 592 
269 287 592 593 
270 288 593 594 
271 289 595 612 
272 290 595 596 
273 291 596 597 
274 292 597 598 
275 293 598 599 
276 294 599 600 
277 295 600 601 
278 296 601 602 
279 297 602 603 
280 298 603 604 
281 299 604 605 
282 300 605 606 
283 301 606 607 
284 302 607 608 
285 303 608 609 
286 304 609 610 
287 305 610 611 
288 306 611 612 
289 307 613 630 
290 308 613 614 
291 309 614 615 
292 310 615 616 
293 311 616 617 
294 312 617 618 
295 313 618 619 
296 314 619 620 
297 315 620 621 
298 316 621 622 
299 317 622 623 
300 318 623 624 
301 319 624 625 
302 320 625 626 
303 321 626 627 
304 322 627 628 
305 323 628 629 
306 324 629 630 
1 307 631 648 
2 308 631 632 
3 309 632 633 
4 310 633 634 
5 311 634 635 
6 312 635 636 
7 313 636 637 
8 314 637 638 
9 315 638 639 
10 316 639 640 
11 317 640 641 
12 318 641 642 
13 319 642 643 
14 320 643 644 
15 321 644 645 
16 322 645 646 
17 323 646 647 
18 324 647 648 
