338 169
1 2 170 326 
2 3 171 327 
3 4 172 328 
4 5 173 329 
5 6 174 330 
6 7 175 331 
7 8 176 332 
8 9 177 333 
9 10 178 334 
10 11 179 335 
11 12 180 336 
12 13 181 337 
1 13 182 338 
14 15 170 183 
15 16 171 184 
16 17 172 185 
17 18 173 186 
18 19 174 187 
19 20 175 188 
20 21 176 189 
21 22 177 190 
22 23 178 191 
23 24 179 192 
24 25 180 193 
25 26 181 194 
14 26 182 195 
27 28 183 196 
28 29 184 197 
29 30 185 198 
30 31 186 199 
31 32 187 200 
32 33 188 201 
33 34 189 202 
34 35 190 203 
35 36 191 204 
36 37 192 205 
37 38 193 206 
38 39 194 207 
27 39 195 208 
40 41 196 209 
41 42 197 210 
42 43 198 211 
43 44 199 212 
44 45 200 213 
45 46 201 214 
46 47 202 215 
47 48 203 216 
48 49 204 217 
49 50 205 218 
50 51 206 219 
51 52 207 220 
40 52 208 221 
53 54 209 222 
54 55 210 223 
55 56 211 224 
56 57 212 225 
57 58 213 226 
58 59 214 227 
59 60 215 228 
60 61 216 229 
61 62 217 230 
62 63 218 231 
63 64 219 232 
64 65 220 233 
53 65 221 234 
66 67 222 235 
67 68 223 236 
68 69 224 237 
69 70 225 238 
70 71 226 239 
71 72 227 240 
72 73 228 241 
73 74 229 242 
74 75 230 243 
75 76 231 244 
76 77 232 245 
77 78 233 246 
66 78 234 247 
79 80 235 248 
80 81 236 249 
81 82 237 250 
82 83 238 251 
83 84 239 252 
84 85 240 253 
85 86 241 254 
86 87 242 255 
87 88 243 256 
88 89 244 257 
89 90 245 258 
90 91 246 259 
79 91 247 260 
92 93 248 261 
93 94 249 262 
94 95 250 263 
95 96 251 264 
96 97 252 265 
97 98 253 266 
98 99 254 267 
99 100 255 268 
100 101 256 269 
101 102 257 270 
102 103 258 271 
103 104 259 272 
92 104 260 273 
105 106 261 274 
106 107 262 275 
107 108 263 276 
108 109 264 277 
109 110 265 278 
110 111 266 279 
111 112 267 280 
112 113 268 281 
113 114 269 282 
114 115 270 283 
115 116 271 284 
116 117 272 285 
105 117 273 286 
118 119 274 287 
119 120 275 288 
120 121 276 289 
121 122 277 290 
122 123 278 291 
123 124 279 292 
124 125 280 293 
125 126 281 294 
126 127 282 295 
127 128 283 296 
128 129 284 297 
129 130 285 298 
118 130 286 299 
131 132 287 300 
132 133 288 301 
133 134 289 302 
134 135 290 303 
135 136 291 304 
136 137 292 305 
137 138 293 306 
138 139 294 307 
139 140 295 308 
140 141 296 309 
141 142 297 310 
142 143 298 311 
131 143 299 312 
144 145 300 313 
145 146 301 314 
146 147 302 315 
147 148 303 316 
148 149 304 317 
149 150 305 318 
150 151 306 319 
151 152 307 320 
152 153 308 321 
153 154 309 322 
154 155 310 323 
155 156 311 324 
144 156 312 325 
157 158 313 326 
158 159 314 327 
159 160 315 328 
160 161 316 329 
161 162 317 330 
162 163 318 331 
163 164 319 332 
164 165 320 333 
165 166 321 334 
166 167 322 335 
167 168 323 336 
168 169 324 337 
157 169 325 338 
