578 289
1 18 290 306 
2 19 290 291 
3 20 291 292 
4 21 292 293 
5 22 293 294 
6 23 294 295 
7 24 295 296 
8 25 296 297 
9 26 297 298 
10 27 298 299 
11 28 299 300 
12 29 300 301 
13 30 301 302 
14 31 302 303 
15 32 303 304 
16 33 304 305 
17 34 305 306 
18 35 307 323 
19 36 307 308 
20 37 308 309 
21 38 309 310 
22 39 310 311 
23 40 311 312 
24 41 312 313 
25 42 313 314 
26 43 314 315 
27 44 315 316 
28 45 316 317 
29 46 317 318 
30 47 318 319 
31 48 319 320 
32 49 320 321 
33 50 321 322 
34 51 322 323 
35 52 324 340 
36 53 324 325 
37 54 325 326 
38 55 326 327 
39 56 327 328 
40 57 328 329 
41 58 329 330 
42 59 330 331 
43 60 331 332 
44 61 332 333 
45 62 333 334 
46 63 334 335 
47 64 335 336 
48 65 336 337 
49 66 337 338 
50 67 338 339 
51 68 339 340 
52 69 341 357 
53 70 341 342 
54 71 342 343 
55 72 343 344 
56 73 344 345 
57 74 345 346 
58 75 346 347 
59 76 347 348 
60 77 348 349 
61 78 349 350 
62 79 350 351 
63 80 351 352 
64 81 352 353 
65 82 353 354 
66 83 354 355 
67 84 355 356 
68 85 356 357 
69 86 358 374 
70 87 358 359 
71 88 359 360 
72 89 360 361 
73 90 361 362 
74 91 362 363 
75 92 363 364 
76 93 364 365 
77 94 365 366 
78 95 366 367 
79 96 367 368 
80 97 368 369 
81 98 369 370 
82 99 370 371 
83 100 371 372 
84 101 372 373 
85 102 373 374 
86 103 375 391 
87 104 375 376 
88 105 376 377 
89 106 377 378 
90 107 378 379 
91 108 379 380 
92 109 380 381 
93 110 381 382 
94 111 382 383 
95 112 383 384 
96 113 384 385 
97 114 385 386 
98 115 386 387 
99 116 387 388 
100 117 388 389 
101 118 389 390 
102 119 390 391 
103 120 392 408 
104 121 392 393 
105 122 393 394 
106 123 394 395 
107 124 395 396 
108 125 396 397 
109 126 397 398 
110 127 398 399 
111 128 399 400 
112 129 400 401 
113 130 401 402 
114 131 402 403 
115 132 403 404 
116 133 404 405 
117 134 405 406 
118 135 406 407 
119 136 407 408 
120 137 409 425 
121 138 409 410 
122 139 410 411 
123 140 411 412 
124 141 412 413 
125 142 413 414 
126 143 414 415 
127 144 415 416 
128 145 416 417 
129 146 417 418 
130 147 418 419 
131 148 419 420 
132 149 420 421 
133 150 421 422 
134 151 422 423 
135 152 423 424 
136 153 424 425 
137 154 426 442 
138 155 426 427 
139 156 427 428 
140 157 428 429 
141 158 429 430 
142 159 430 431 
143 160 431 432 
144 161 432 433 
145 162 433 434 
146 163 434 435 
147 164 435 436 
148 165 436 437 
149 166 437 438 
150 167 438 439 
151 168 439 440 
152 169 440 441 
153 170 441 442 
154 171 443 459 
155 172 443 444 
156 173 444 445 
157 174 445 446 
158 175 446 447 
159 176 447 448 
160 177 448 449 
161 178 449 450 
162 179 450 451 
163 180 451 452 
164 181 452 453 
165 182 453 454 
166 183 454 455 
167 184 455 456 
168 185 456 457 
169 186 457 458 
170 187 458 459 
171 188 460 476 
172 189 460 461 
173 190 461 462 
174 191 462 463 
175 192 463 464 
176 193 464 465 
177 194 465 466 
178 195 466 467 
179 196 467 468 
180 197 468 469 
181 198 469 470 
182 199 470 471 
183 200 471 472 
184 201 472 473 
185 202 473 474 
186 203 474 475 
187 204 475 476 
188 205 477 493 
189 206 477 478 
190 207 478 479 
191 208 479 480 
192 209 480 481 
193 210 481 482 
194 211 482 483 
195 212 483 484 
196 213 484 485 
197 214 485 486 
198 215 486 487 
199 216 487 488 
200 217 488 489 
201 218 489 490 
202 219 490 491 
203 220 491 492 
204 221 492 493 
205 222 494 510 
206 223 494 495 
207 224 495 496 
208 225 496 497 
209 226 497 498 
210 227 498 499 
211 228 499 500 
212 229 500 501 
213 230 501 502 
214 231 502 503 
215 232 503 504 
216 233 504 505 
217 234 505 506 
218 235 506 507 
219 236 507 508 
220 237 508 509 
221 238 509 510 
222 239 511 527 
223 240 511 512 
224 241 512 513 
225 242 513 514 
226 243 514 515 
227 244 515 516 
228 245 516 517 
229 246 517 518 
230 247 518 519 
231 248 519 520 
232 249 520 521 
233 250 521 522 
234 251 522 523 
235 252 523 524 
236 253 524 525 
237 254 525 526 
238 255 526 527 
239 256 528 544 
240 257 528 529 
241 258 529 530 
242 259 530 531 
243 260 531 532 
244 261 532 533 
245 262 533 534 
246 263 534 535 
247 264 535 536 
248 265 536 537 
249 266 537 538 
250 267 538 539 
251 268 539 540 
252 269 540 541 
253 270 541 542 
254 271 542 543 
255 272 543 544 
256 273 545 561 
257 274 545 546 
258 275 546 547 
259 276 547 548 
260 277 548 549 
261 278 549 550 
262 279 550 551 
263 280 551 552 
264 281 552 553 
265 282 553 554 
266 283 554 555 
267 284 555 556 
268 285 556 557 
269 286 557 558 
270 287 558 559 
271 288 559 560 
272 289 560 561 
1 273 562 578 
2 274 562 563 
3 275 563 564 
4 276 564 565 
5 277 565 566 
6 278 566 567 
7 279 567 568 
8 280 568 569 
9 281 569 570 
10 282 570 571 
11 283 571 572 
12 284 572 573 
13 285 573 574 
14 286 574 575 
15 287 575 576 
16 288 576 577 
17 289 577 578 
