288 144
1 13 145 156 
2 14 145 146 
3 15 146 147 
4 16 147 148 
5 17 148 149 
6 18 149 150 
7 19 150 151 
8 20 151 152 
9 21 152 153 
10 22 153 154 
11 23 154 155 
12 24 155 156 
13 25 157 168 
14 26 157 158 
15 27 158 159 
16 28 159 160 
17 29 160 161 
18 30 161 162 
19 31 162 163 
20 32 163 164 
21 33 164 165 
22 34 165 166 
23 35 166 167 
24 36 167 168 
25 37 169 180 
26 38 169 170 
27 39 170 171 
28 40 171 172 
29 41 172 173 
30 42 173 174 
31 43 174 175 
32 44 175 176 
33 45 176 177 
34 46 177 178 
35 47 178 179 
36 48 179 180 
37 49 181 192 
38 50 181 182 
39 51 182 183 
40 52 183 184 
41 53 184 185 
42 54 185 186 
43 55 186 187 
44 56 187 188 
45 57 188 189 
46 58 189 190 
47 59 190 191 
48 60 191 192 
49 61 193 204 
50 62 193 194 
51 63 194 195 
52 64 195 196 
53 65 196 197 
54 66 197 198 
55 67 198 199 
56 68 199 200 
57 69 200 201 
58 70 201 202 
59 71 202 203 
60 72 203 204 
61 73 205 216 
62 74 205 206 
63 75 206 207 
64 76 207 208 
65 77 208 209 
66 78 209 210 
67 79 210 211 
68 80 211 212 
69 81 212 213 
70 82 213 214 
71 83 214 215 
72 84 215 216 
73 85 217 228 
74 86 217 218 
75 87 218 219 
76 88 219 220 
77 89 220 221 
78 90 221 222 
79 91 222 223 
80 92 223 224 
81 93 224 225 
82 94 225 226 
83 95 226 227 
84 96 227 228 
85 97 229 240 
86 98 229 230 
87 99 230 231 
88 100 231 232 
89 101 232 233 
90 102 233 234 
91 103 234 235 
92 104 235 236 
93 105 236 237 
94 106 237 238 
95 107 238 239 
96 108 239 240 
97 109 241 252 
98 110 241 242 
99 111 242 243 
100 112 243 244 
101 113 244 245 
102 114 245 246 
103 115 246 247 
104 116 247 248 
105 117 248 249 
106 118 249 250 
107 119 250 251 
108 120 251 252 
109 121 253 264 
110 122 253 254 
111 123 254 255 
112 124 255 256 
113 125 256 257 
114 126 257 258 
115 127 258 259 
116 128 259 260 
117 129 260 261 
118 130 261 262 
119 131 262 263 
120 132 263 264 
121 133 265 276 
122 134 265 266 
123 135 266 267 
124 136 267 268 
125 137 268 269 
126 138 269 270 
127 139 270 271 
128 140 271 272 
129 141 272 273 
130 142 273 274 
131 143 274 275 
132 144 275 276 
1 133 277 288 
2 134 277 278 
3 135 278 279 
4 136 279 280 
5 137 280 281 
6 138 281 282 
7 139 282 283 
8 140 283 284 
9 141 284 285 
10 142 285 286 
11 143 286 287 
12 144 287 288 
