98 49
1 8 50 56 
2 9 50 51 
3 10 51 52 
4 11 52 53 
5 12 53 54 
6 13 54 55 
7 14 55 56 
8 15 57 63 
9 16 57 58 
10 17 58 59 
11 18 59 60 
12 19 60 61 
13 20 61 62 
14 21 62 63 
15 22 64 70 
16 23 64 65 
17 24 65 66 
18 25 66 67 
19 26 67 68 
20 27 68 69 
21 28 69 70 
22 29 71 77 
23 30 71 72 
24 31 72 73 
25 32 73 74 
26 33 74 75 
27 34 75 76 
28 35 76 77 
29 36 78 84 
30 37 78 79 
31 38 79 80 
32 39 80 81 
33 40 81 82 
34 41 82 83 
35 42 83 84 
36 43 85 91 
37 44 85 86 
38 45 86 87 
39 46 87 88 
40 47 88 89 
41 48 89 90 
42 49 90 91 
1 43 92 98 
2 44 92 93 
3 45 93 94 
4 46 94 95 
5 47 95 96 
6 48 96 97 
7 49 97 98 
