578 289
1 2 290 562 
2 3 291 563 
3 4 292 564 
4 5 293 565 
5 6 294 566 
6 7 295 567 
7 8 296 568 
8 9 297 569 
9 10 298 570 
10 11 299 571 
11 12 300 572 
12 13 301 573 
13 14 302 574 
14 15 303 575 
15 16 304 576 
16 17 305 577 
1 17 306 578 
18 19 290 307 
19 20 291 308 
20 21 292 309 
21 22 293 310 
22 23 294 311 
23 24 295 312 
24 25 296 313 
25 26 297 314 
26 27 298 315 
27 28 299 316 
28 29 300 317 
29 30 301 318 
30 31 302 319 
31 32 303 320 
32 33 304 321 
33 34 305 322 
18 34 306 323 
35 36 307 324 
36 37 308 325 
37 38 309 326 
38 39 310 327 
39 40 311 328 
40 41 312 329 
41 42 313 330 
42 43 314 331 
43 44 315 332 
44 45 316 333 
45 46 317 334 
46 47 318 335 
47 48 319 336 
48 49 320 337 
49 50 321 338 
50 51 322 339 
35 51 323 340 
52 53 324 341 
53 54 325 342 
54 55 326 343 
55 56 327 344 
56 57 328 345 
57 58 329 346 
58 59 330 347 
59 60 331 348 
60 61 332 349 
61 62 333 350 
62 63 334 351 
63 64 335 352 
64 65 336 353 
65 66 337 354 
66 67 338 355 
67 68 339 356 
52 68 340 357 
69 70 341 358 
70 71 342 359 
71 72 343 360 
72 73 344 361 
73 74 345 362 
74 75 346 363 
75 76 347 364 
76 77 348 365 
77 78 349 366 
78 79 350 367 
79 80 351 368 
80 81 352 369 
81 82 353 370 
82 83 354 371 
83 84 355 372 
84 85 356 373 
69 85 357 374 
86 87 358 375 
87 88 359 376 
88 89 360 377 
89 90 361 378 
90 91 362 379 
91 92 363 380 
92 93 364 381 
93 94 365 382 
94 95 366 383 
95 96 367 384 
96 97 368 385 
97 98 369 386 
98 99 370 387 
99 100 371 388 
100 101 372 389 
101 102 373 390 
86 102 374 391 
103 104 375 392 
104 105 376 393 
105 106 377 394 
106 107 378 395 
107 108 379 396 
108 109 380 397 
109 110 381 398 
110 111 382 399 
111 112 383 400 
112 113 384 401 
113 114 385 402 
114 115 386 403 
115 116 387 404 
116 117 388 405 
117 118 389 406 
118 119 390 407 
103 119 391 408 
120 121 392 409 
121 122 393 410 
122 123 394 411 
123 124 395 412 
124 125 396 413 
125 126 397 414 
126 127 398 415 
127 128 399 416 
128 129 400 417 
129 130 401 418 
130 131 402 419 
131 132 403 420 
132 133 404 421 
133 134 405 422 
134 135 406 423 
135 136 407 424 
120 136 408 425 
137 138 409 426 
138 139 410 427 
139 140 411 428 
140 141 412 429 
141 142 413 430 
142 143 414 431 
143 144 415 432 
144 145 416 433 
145 146 417 434 
146 147 418 435 
147 148 419 436 
148 149 420 437 
149 150 421 438 
150 151 422 439 
151 152 423 440 
152 153 424 441 
137 153 425 442 
154 155 426 443 
155 156 427 444 
156 157 428 445 
157 158 429 446 
158 159 430 447 
159 160 431 448 
160 161 432 449 
161 162 433 450 
162 163 434 451 
163 164 435 452 
164 165 436 453 
165 166 437 454 
166 167 438 455 
167 168 439 456 
168 169 440 457 
169 170 441 458 
154 170 442 459 
171 172 443 460 
172 173 444 461 
173 174 445 462 
174 175 446 463 
175 176 447 464 
176 177 448 465 
177 178 449 466 
178 179 450 467 
179 180 451 468 
180 181 452 469 
181 182 453 470 
182 183 454 471 
183 184 455 472 
184 185 456 473 
185 186 457 474 
186 187 458 475 
171 187 459 476 
188 189 460 477 
189 190 461 478 
190 191 462 479 
191 192 463 480 
192 193 464 481 
193 194 465 482 
194 195 466 483 
195 196 467 484 
196 197 468 485 
197 198 469 486 
198 199 470 487 
199 200 471 488 
200 201 472 489 
201 202 473 490 
202 203 474 491 
203 204 475 492 
188 204 476 493 
205 206 477 494 
206 207 478 495 
207 208 479 496 
208 209 480 497 
209 210 481 498 
210 211 482 499 
211 212 483 500 
212 213 484 501 
213 214 485 502 
214 215 486 503 
215 216 487 504 
216 217 488 505 
217 218 489 506 
218 219 490 507 
219 220 491 508 
220 221 492 509 
205 221 493 510 
222 223 494 511 
223 224 495 512 
224 225 496 513 
225 226 497 514 
226 227 498 515 
227 228 499 516 
228 229 500 517 
229 230 501 518 
230 231 502 519 
231 232 503 520 
232 233 504 521 
233 234 505 522 
234 235 506 523 
235 236 507 524 
236 237 508 525 
237 238 509 526 
222 238 510 527 
239 240 511 528 
240 241 512 529 
241 242 513 530 
242 243 514 531 
243 244 515 532 
244 245 516 533 
245 246 517 534 
246 247 518 535 
247 248 519 536 
248 249 520 537 
249 250 521 538 
250 251 522 539 
251 252 523 540 
252 253 524 541 
253 254 525 542 
254 255 526 543 
239 255 527 544 
256 257 528 545 
257 258 529 546 
258 259 530 547 
259 260 531 548 
260 261 532 549 
261 262 533 550 
262 263 534 551 
263 264 535 552 
264 265 536 553 
265 266 537 554 
266 267 538 555 
267 268 539 556 
268 269 540 557 
269 270 541 558 
270 271 542 559 
271 272 543 560 
256 272 544 561 
273 274 545 562 
274 275 546 563 
275 276 547 564 
276 277 548 565 
277 278 549 566 
278 279 550 567 
279 280 551 568 
280 281 552 569 
281 282 553 570 
282 283 554 571 
283 284 555 572 
284 285 556 573 
285 286 557 574 
286 287 558 575 
287 288 559 576 
288 289 560 577 
273 289 561 578 
