200 100
1 2 101 191 
2 3 102 192 
3 4 103 193 
4 5 104 194 
5 6 105 195 
6 7 106 196 
7 8 107 197 
8 9 108 198 
9 10 109 199 
1 10 110 200 
11 12 101 111 
12 13 102 112 
13 14 103 113 
14 15 104 114 
15 16 105 115 
16 17 106 116 
17 18 107 117 
18 19 108 118 
19 20 109 119 
11 20 110 120 
21 22 111 121 
22 23 112 122 
23 24 113 123 
24 25 114 124 
25 26 115 125 
26 27 116 126 
27 28 117 127 
28 29 118 128 
29 30 119 129 
21 30 120 130 
31 32 121 131 
32 33 122 132 
33 34 123 133 
34 35 124 134 
35 36 125 135 
36 37 126 136 
37 38 127 137 
38 39 128 138 
39 40 129 139 
31 40 130 140 
41 42 131 141 
42 43 132 142 
43 44 133 143 
44 45 134 144 
45 46 135 145 
46 47 136 146 
47 48 137 147 
48 49 138 148 
49 50 139 149 
41 50 140 150 
51 52 141 151 
52 53 142 152 
53 54 143 153 
54 55 144 154 
55 56 145 155 
56 57 146 156 
57 58 147 157 
58 59 148 158 
59 60 149 159 
51 60 150 160 
61 62 151 161 
62 63 152 162 
63 64 153 163 
64 65 154 164 
65 66 155 165 
66 67 156 166 
67 68 157 167 
68 69 158 168 
69 70 159 169 
61 70 160 170 
71 72 161 171 
72 73 162 172 
73 74 163 173 
74 75 164 174 
75 76 165 175 
76 77 166 176 
77 78 167 177 
78 79 168 178 
79 80 169 179 
71 80 170 180 
81 82 171 181 
82 83 172 182 
83 84 173 183 
84 85 174 184 
85 86 175 185 
86 87 176 186 
87 88 177 187 
88 89 178 188 
89 90 179 189 
81 90 180 190 
91 92 181 191 
92 93 182 192 
93 94 183 193 
94 95 184 194 
95 96 185 195 
96 97 186 196 
97 98 187 197 
98 99 188 198 
99 100 189 199 
91 100 190 200 
