722 361
1 2 362 704 
2 3 363 705 
3 4 364 706 
4 5 365 707 
5 6 366 708 
6 7 367 709 
7 8 368 710 
8 9 369 711 
9 10 370 712 
10 11 371 713 
11 12 372 714 
12 13 373 715 
13 14 374 716 
14 15 375 717 
15 16 376 718 
16 17 377 719 
17 18 378 720 
18 19 379 721 
1 19 380 722 
20 21 362 381 
21 22 363 382 
22 23 364 383 
23 24 365 384 
24 25 366 385 
25 26 367 386 
26 27 368 387 
27 28 369 388 
28 29 370 389 
29 30 371 390 
30 31 372 391 
31 32 373 392 
32 33 374 393 
33 34 375 394 
34 35 376 395 
35 36 377 396 
36 37 378 397 
37 38 379 398 
20 38 380 399 
39 40 381 400 
40 41 382 401 
41 42 383 402 
42 43 384 403 
43 44 385 404 
44 45 386 405 
45 46 387 406 
46 47 388 407 
47 48 389 408 
48 49 390 409 
49 50 391 410 
50 51 392 411 
51 52 393 412 
52 53 394 413 
53 54 395 414 
54 55 396 415 
55 56 397 416 
56 57 398 417 
39 57 399 418 
58 59 400 419 
59 60 401 420 
60 61 402 421 
61 62 403 422 
62 63 404 423 
63 64 405 424 
64 65 406 425 
65 66 407 426 
66 67 408 427 
67 68 409 428 
68 69 410 429 
69 70 411 430 
70 71 412 431 
71 72 413 432 
72 73 414 433 
73 74 415 434 
74 75 416 435 
75 76 417 436 
58 76 418 437 
77 78 419 438 
78 79 420 439 
79 80 421 440 
80 81 422 441 
81 82 423 442 
82 83 424 443 
83 84 425 444 
84 85 426 445 
85 86 427 446 
86 87 428 447 
87 88 429 448 
88 89 430 449 
89 90 431 450 
90 91 432 451 
91 92 433 452 
92 93 434 453 
93 94 435 454 
94 95 436 455 
77 95 437 456 
96 97 438 457 
97 98 439 458 
98 99 440 459 
99 100 441 460 
100 101 442 461 
101 102 443 462 
102 103 444 463 
103 104 445 464 
104 105 446 465 
105 106 447 466 
106 107 448 467 
107 108 449 468 
108 109 450 469 
109 110 451 470 
110 111 452 471 
111 112 453 472 
112 113 454 473 
113 114 455 474 
96 114 456 475 
115 116 457 476 
116 117 458 477 
117 118 459 478 
118 119 460 479 
119 120 461 480 
120 121 462 481 
121 122 463 482 
122 123 464 483 
123 124 465 484 
124 125 466 485 
125 126 467 486 
126 127 468 487 
127 128 469 488 
128 129 470 489 
129 130 471 490 
130 131 472 491 
131 132 473 492 
132 133 474 493 
115 133 475 494 
134 135 476 495 
135 136 477 496 
136 137 478 497 
137 138 479 498 
138 139 480 499 
139 140 481 500 
140 141 482 501 
141 142 483 502 
142 143 484 503 
143 144 485 504 
144 145 486 505 
145 146 487 506 
146 147 488 507 
147 148 489 508 
148 149 490 509 
149 150 491 510 
150 151 492 511 
151 152 493 512 
134 152 494 513 
153 154 495 514 
154 155 496 515 
155 156 497 516 
156 157 498 517 
157 158 499 518 
158 159 500 519 
159 160 501 520 
160 161 502 521 
161 162 503 522 
162 163 504 523 
163 164 505 524 
164 165 506 525 
165 166 507 526 
166 167 508 527 
167 168 509 528 
168 169 510 529 
169 170 511 530 
170 171 512 531 
153 171 513 532 
172 173 514 533 
173 174 515 534 
174 175 516 535 
175 176 517 536 
176 177 518 537 
177 178 519 538 
178 179 520 539 
179 180 521 540 
180 181 522 541 
181 182 523 542 
182 183 524 543 
183 184 525 544 
184 185 526 545 
185 186 527 546 
186 187 528 547 
187 188 529 548 
188 189 530 549 
189 190 531 550 
172 190 532 551 
191 192 533 552 
192 193 534 553 
193 194 535 554 
194 195 536 555 
195 196 537 556 
196 197 538 557 
197 198 539 558 
198 199 540 559 
199 200 541 560 
200 201 542 561 
201 202 543 562 
202 203 544 563 
203 204 545 564 
204 205 546 565 
205 206 547 566 
206 207 548 567 
207 208 549 568 
208 209 550 569 
191 209 551 570 
210 211 552 571 
211 212 553 572 
212 213 554 573 
213 214 555 574 
214 215 556 575 
215 216 557 576 
216 217 558 577 
217 218 559 578 
218 219 560 579 
219 220 561 580 
220 221 562 581 
221 222 563 582 
222 223 564 583 
223 224 565 584 
224 225 566 585 
225 226 567 586 
226 227 568 587 
227 228 569 588 
210 228 570 589 
229 230 571 590 
230 231 572 591 
231 232 573 592 
232 233 574 593 
233 234 575 594 
234 235 576 595 
235 236 577 596 
236 237 578 597 
237 238 579 598 
238 239 580 599 
239 240 581 600 
240 241 582 601 
241 242 583 602 
242 243 584 603 
243 244 585 604 
244 245 586 605 
245 246 587 606 
246 247 588 607 
229 247 589 608 
248 249 590 609 
249 250 591 610 
250 251 592 611 
251 252 593 612 
252 253 594 613 
253 254 595 614 
254 255 596 615 
255 256 597 616 
256 257 598 617 
257 258 599 618 
258 259 600 619 
259 260 601 620 
260 261 602 621 
261 262 603 622 
262 263 604 623 
263 264 605 624 
264 265 606 625 
265 266 607 626 
248 266 608 627 
267 268 609 628 
268 269 610 629 
269 270 611 630 
270 271 612 631 
271 272 613 632 
272 273 614 633 
273 274 615 634 
274 275 616 635 
275 276 617 636 
276 277 618 637 
277 278 619 638 
278 279 620 639 
279 280 621 640 
280 281 622 641 
281 282 623 642 
282 283 624 643 
283 284 625 644 
284 285 626 645 
267 285 627 646 
286 287 628 647 
287 288 629 648 
288 289 630 649 
289 290 631 650 
290 291 632 651 
291 292 633 652 
292 293 634 653 
293 294 635 654 
294 295 636 655 
295 296 637 656 
296 297 638 657 
297 298 639 658 
298 299 640 659 
299 300 641 660 
300 301 642 661 
301 302 643 662 
302 303 644 663 
303 304 645 664 
286 304 646 665 
305 306 647 666 
306 307 648 667 
307 308 649 668 
308 309 650 669 
309 310 651 670 
310 311 652 671 
311 312 653 672 
312 313 654 673 
313 314 655 674 
314 315 656 675 
315 316 657 676 
316 317 658 677 
317 318 659 678 
318 319 660 679 
319 320 661 680 
320 321 662 681 
321 322 663 682 
322 323 664 683 
305 323 665 684 
324 325 666 685 
325 326 667 686 
326 327 668 687 
327 328 669 688 
328 329 670 689 
329 330 671 690 
330 331 672 691 
331 332 673 692 
332 333 674 693 
333 334 675 694 
334 335 676 695 
335 336 677 696 
336 337 678 697 
337 338 679 698 
338 339 680 699 
339 340 681 700 
340 341 682 701 
341 342 683 702 
324 342 684 703 
343 344 685 704 
344 345 686 705 
345 346 687 706 
346 347 688 707 
347 348 689 708 
348 349 690 709 
349 350 691 710 
350 351 692 711 
351 352 693 712 
352 353 694 713 
353 354 695 714 
354 355 696 715 
355 356 697 716 
356 357 698 717 
357 358 699 718 
358 359 700 719 
359 360 701 720 
360 361 702 721 
343 361 703 722 
